surah,ayah,arabic_text,translation,footnotes
6,1,ٱلۡحَمۡدُ لِلَّهِ ٱلَّذِي خَلَقَ ٱلسَّمَٰوَٰتِ وَٱلۡأَرۡضَ وَجَعَلَ ٱلظُّلُمَٰتِ وَٱلنُّورَۖ ثُمَّ ٱلَّذِينَ كَفَرُواْ بِرَبِّهِمۡ يَعۡدِلُونَ,"Асмандарды жана жерди жаратып, нур менен караңгылыктарды бар кылган Аллахка мактоолор![1] Кийин, Раббисине каапыр болгон адамдар Ага башкаларды тең (шерик) кылып жатышат!","[1] Бул аяттагы көңүл бурууга ылайык болгон нерсе: Аллах “Нур” сөзүн жекелик сан түрүндө, “караңгылыктарды” көптүк түрүндө келтирди. Мунун мааниси, Аллахтын жолунан адаштырган азгырык-караңгылык жолдору санаксыз болгону менен Аллахка алып баруучу нурдуу, акыйкат жолу бирөө гана экенин билгизет."
6,2,هُوَ ٱلَّذِي خَلَقَكُم مِّن طِينٖ ثُمَّ قَضَىٰٓ أَجَلٗاۖ وَأَجَلٞ مُّسَمًّى عِندَهُۥۖ ثُمَّ أَنتُمۡ تَمۡتَرُونَ,"Ал (оболу) силерди ылайдан жаратты. Кийин (ушул дүйнөдө жашооңор үчүн, “өмүр” деген) мөөнөттү белгиледи. Анын алдында (дагы бир) белгиленген мөөнөт (Акырет жашоосу) бар. Ушундан кийин (о, каапырлар) силер дагы эле (Кыяматтан) шектенип жатасыңар.",
6,3,وَهُوَ ٱللَّهُ فِي ٱلسَّمَٰوَٰتِ وَفِي ٱلۡأَرۡضِ يَعۡلَمُ سِرَّكُمۡ وَجَهۡرَكُمۡ وَيَعۡلَمُ مَا تَكۡسِبُونَ,"Ал, Асмандарда да, Жерде да (жалгыз) Аллах. Ал силердин (бардык) жашыруун жана ашкере ишиңерди билет. Дегеле, бардык жасаган ишиңерди билип турат.",
6,4,وَمَا تَأۡتِيهِم مِّنۡ ءَايَةٖ مِّنۡ ءَايَٰتِ رَبِّهِمۡ إِلَّا كَانُواْ عَنۡهَا مُعۡرِضِينَ,"Аларга (каапырларга) Раббисинин (чындыкты анык көргөзгөн) аяттарынын бири келээр замат (аны угуп, ой жүгүртүп көрүүнүн ордуна) дароо андан жүз буруп кетишти.",
6,5,فَقَدۡ كَذَّبُواْ بِٱلۡحَقِّ لَمَّا جَآءَهُمۡ فَسَوۡفَ يَأۡتِيهِمۡ أَنۢبَٰٓؤُاْ مَا كَانُواْ بِهِۦ يَسۡتَهۡزِءُونَ,Алар өздөрүнө келген кезде акыйкатты[1] жалганга чыгарышты (жана шылдыңдашты). Эми жакында аларга шылдыңдаган нерселеринин кабары келет.,[1] Курандагы кабарларды.
6,6,أَلَمۡ يَرَوۡاْ كَمۡ أَهۡلَكۡنَا مِن قَبۡلِهِم مِّن قَرۡنٖ مَّكَّنَّٰهُمۡ فِي ٱلۡأَرۡضِ مَا لَمۡ نُمَكِّن لَّكُمۡ وَأَرۡسَلۡنَا ٱلسَّمَآءَ عَلَيۡهِم مِّدۡرَارٗا وَجَعَلۡنَا ٱلۡأَنۡهَٰرَ تَجۡرِي مِن تَحۡتِهِمۡ فَأَهۡلَكۡنَٰهُم بِذُنُوبِهِمۡ وَأَنشَأۡنَا مِنۢ بَعۡدِهِمۡ قَرۡنًا ءَاخَرِينَ,"Алар көрүшпөйбү: Биз алардан мурда нечендеген (каапыр) муундарды жок кылганбыз. (О, каапырлар!) Биз силерге бербеген жердеги орундарды аларга берген элек, (үстүнөн) жамгырды берекелүү жаадырып, астынан дарыяларды агызып койгон элек. Анан Биз аларды күнөөлөрү үчүн (апаат-кырсыктар менен) кыйратып, артынан башка муунду алып келдик.",
6,7,وَلَوۡ نَزَّلۡنَا عَلَيۡكَ كِتَٰبٗا فِي قِرۡطَاسٖ فَلَمَسُوهُ بِأَيۡدِيهِمۡ لَقَالَ ٱلَّذِينَ كَفَرُوٓاْ إِنۡ هَٰذَآ إِلَّا سِحۡرٞ مُّبِينٞ,"(О, Мухаммад!) Эгер Биз сага кагазга жазылган китепти (бүтүн бойдон) түшүрсөк жана аны өз колдору менен кармап көрүшсө да, каапыр болгон адамдар: “Бул - анык сыйкыр” – деп айтышмак.",
6,8,وَقَالُواْ لَوۡلَآ أُنزِلَ عَلَيۡهِ مَلَكٞۖ وَلَوۡ أَنزَلۡنَا مَلَكٗا لَّقُضِيَ ٱلۡأَمۡرُ ثُمَّ لَا يُنظَرُونَ,"Алар: “Ага (Мухаммадга жардам берүүчү) бир периште түшсө болбойт беле?” - дешет. Эгер биз периште түшүрчү болсок (жана алар аны өз көздөрү менен көргөндөн кийин деле ишенишпесе) анда, ошол замат иш бүтмөк. Аларга мөөнөт берилмек эмес.[1]","[1] Анык, көрүнгөн далил келгенде ошол замат ишенбегендерге, мөөнөт берилбейт. Дароо “иштери бүтүрөлөт” (өлтүрүп), жок кылынат."
6,9,وَلَوۡ جَعَلۡنَٰهُ مَلَكٗا لَّجَعَلۡنَٰهُ رَجُلٗا وَلَلَبَسۡنَا عَلَيۡهِم مَّا يَلۡبِسُونَ,"Эгер Биз аны (пайгамбарды) периште кылсак деле, эркек (кейпинде) кылмакпыз жана аларга өздөрү тумандаткан нерсени (андан бетер) тумандатмакпыз.[1]","[1] Мушриктердин “Пайгамбарга периште түшүрсө болбойт беле?”, “Адамдан да пайгамбар болот бекен?”, “Пайгамбар периштеден болсо бир жөн” деген сыяктуу сөздөрдү таратуулары акыйкатты түшүнүү үчүн эмес, тетирисинче, анык-тунук акыйкаттын бетине күңүрттүк пардасын тартуу, адамдардын акыл-эсин тумандатуу үчүн эле. Адатта, яхудилер, христиандар жана Мекке мушриктери периштелерди нурдан жаратылганы үчүн аял киши кейипинде элестетишкен. (Чындыгында периштелер жыныска бөлүнбөйт) Жогорку аятта Аллах, периште-пайгамбар түшүрүүнү каалаганда деле, мушриктерди абдыратып коюш үчүн эркек киши сүрөтүндө түшүрүүсүн айтып, пайгамбарын шылдыңдаган адамдардын өздөрүн шылдыңдуу абалга салып коюуга кудуреттүү экендигин эскертүүдө."
6,10,وَلَقَدِ ٱسۡتُهۡزِئَ بِرُسُلٖ مِّن قَبۡلِكَ فَحَاقَ بِٱلَّذِينَ سَخِرُواْ مِنۡهُم مَّا كَانُواْ بِهِۦ يَسۡتَهۡزِءُونَ,"(О, Мухаммад! Алардын шылдыңына чөкпөгүн). Сенден мурунку пайгамбарларды деле шылдыңдашкан. Кийин алардын башына шылдыңдаган нерселери балээ болуп түшкөн.",
6,11,قُلۡ سِيرُواْ فِي ٱلۡأَرۡضِ ثُمَّ ٱنظُرُواْ كَيۡفَ كَانَ عَٰقِبَةُ ٱلۡمُكَذِّبِينَ,"Айт (О, Мухаммад: “Эгер ишенбесеңер) жер бетин кезип, (пайгамбарларды) “жалганчы” – деген адамдардын акыбети (тагдыры) эмне менен бүткөнүн көрүп койгула!”",
6,12,قُل لِّمَن مَّا فِي ٱلسَّمَٰوَٰتِ وَٱلۡأَرۡضِۖ قُل لِّلَّهِۚ كَتَبَ عَلَىٰ نَفۡسِهِ ٱلرَّحۡمَةَۚ لَيَجۡمَعَنَّكُمۡ إِلَىٰ يَوۡمِ ٱلۡقِيَٰمَةِ لَا رَيۡبَ فِيهِۚ ٱلَّذِينَ خَسِرُوٓاْ أَنفُسَهُمۡ فَهُمۡ لَا يُؤۡمِنُونَ,Айт: “Асмандардагы жана жердеги нерселер кимдики?” Айткын: “Аллахка таандык!” Аллах Өзүнө Мээримдүүлүк - ырайымды жазып койгон. Аллах силерди шек-күмөнү жок Кыямат Күнүнө чогултат. (Оңолбой) өздөрүнө зыян кылгандар... Алар ыйман келтиришпейт.,
6,13,۞ وَلَهُۥ مَا سَكَنَ فِي ٱلَّيۡلِ وَٱلنَّهَارِۚ وَهُوَ ٱلسَّمِيعُ ٱلۡعَلِيمُ,"Күндүзү жана түнү жашагандардын баары Аллахтын мүлкү. Ал (бардык добушту) Угуучу, (бардык кылмышты) Билүүчү.",
6,14,قُلۡ أَغَيۡرَ ٱللَّهِ أَتَّخِذُ وَلِيّٗا فَاطِرِ ٱلسَّمَٰوَٰتِ وَٱلۡأَرۡضِ وَهُوَ يُطۡعِمُ وَلَا يُطۡعَمُۗ قُلۡ إِنِّيٓ أُمِرۡتُ أَنۡ أَكُونَ أَوَّلَ مَنۡ أَسۡلَمَۖ وَلَا تَكُونَنَّ مِنَ ٱلۡمُشۡرِكِينَ,"Айткын: “Аллахтан башканы жардамчы кылмак белем?! Ал асмандар жана Жердин Жаратуучусу. Ал Өзү тамакка муктаж болбой, (бардык жан-жаныбарды) тамактандырат”. Айткын: “Мен (Аллахтын жалгыз Өзүнө) моюн сунгандардын эң алдыңкысы болууга буюрулдум” (Жана мага) “Эч качан мушриктерден болбогун!” (деп айтылды).",
6,15,قُلۡ إِنِّيٓ أَخَافُ إِنۡ عَصَيۡتُ رَبِّي عَذَابَ يَوۡمٍ عَظِيمٖ,"Айткын: “Эгер мен (ширк келтирүү менен) Раббиме күнөөкөр болсом, Улук Күндүн азабынан коркомун”.",
6,16,مَّن يُصۡرَفۡ عَنۡهُ يَوۡمَئِذٖ فَقَدۡ رَحِمَهُۥۚ وَذَٰلِكَ ٱلۡفَوۡزُ ٱلۡمُبِينُ,"Ошол Күндө кимден азап четтетилген болсо, демек ага Аллах ырайым кылыптыр жана бул – анык жеңиш!",
6,17,وَإِن يَمۡسَسۡكَ ٱللَّهُ بِضُرّٖ فَلَا كَاشِفَ لَهُۥٓ إِلَّا هُوَۖ وَإِن يَمۡسَسۡكَ بِخَيۡرٖ فَهُوَ عَلَىٰ كُلِّ شَيۡءٖ قَدِيرٞ,"Эгерде Аллах сени (кембагалдык, оору, кайгы ж.б.у.с.) зыян менен кармаса, аны Өзүнөн башка эч ким арылта албайт. Ал эми, эгер бир жакшылык менен кармаса. Ал ар бир нерсеге Кудуреттүү.",
6,18,وَهُوَ ٱلۡقَاهِرُ فَوۡقَ عِبَادِهِۦۚ وَهُوَ ٱلۡحَكِيمُ ٱلۡخَبِيرُ,"Ал пенделердин үстүнөн өкүмүн жүргүзүүчү жана ал - Даанышман, (бардыгынан) Кабардар!",
6,19,قُلۡ أَيُّ شَيۡءٍ أَكۡبَرُ شَهَٰدَةٗۖ قُلِ ٱللَّهُۖ شَهِيدُۢ بَيۡنِي وَبَيۡنَكُمۡۚ وَأُوحِيَ إِلَيَّ هَٰذَا ٱلۡقُرۡءَانُ لِأُنذِرَكُم بِهِۦ وَمَنۢ بَلَغَۚ أَئِنَّكُمۡ لَتَشۡهَدُونَ أَنَّ مَعَ ٱللَّهِ ءَالِهَةً أُخۡرَىٰۚ قُل لَّآ أَشۡهَدُۚ قُلۡ إِنَّمَا هُوَ إِلَٰهٞ وَٰحِدٞ وَإِنَّنِي بَرِيٓءٞ مِّمَّا تُشۡرِكُونَ,"Айткын: “(Менин чынчылдыгыма) эң чоң күбө кайсы?” Айт: “Аллах! Ал мени менен силердин араңарда Күбө жана мага бул Куран аян-кабар түрүндө берилди, силерди жана ал (Куран) жеткен баардык адамдарды эскертүүм үчүн». (О, аян-кабардан жүз бургандар!) Силер: “Аллах менен бирге башка кудайлар бар” - деп күбөлүк бересиңерби?!” Айткын: “Мен (андай) күбөлүк бербеймин!” Айткын: “Албетте Ал - жалгыз (сыйынууга татыктуу) Кудай! А, мен болсо, силердин ширк амалыңардан тазамын!”[1]","[1] Исламдын негизи - Таухид (жалгыз Аллахка сыйынуу) Ал эми, Таухиддин негизи Аллахтан башка бардык «кудайлардан» жүрөктү тазалап алуу."
6,20,ٱلَّذِينَ ءَاتَيۡنَٰهُمُ ٱلۡكِتَٰبَ يَعۡرِفُونَهُۥ كَمَا يَعۡرِفُونَ أَبۡنَآءَهُمُۘ ٱلَّذِينَ خَسِرُوٓاْ أَنفُسَهُمۡ فَهُمۡ لَا يُؤۡمِنُونَ,Биз китеп берген адамдар (өздөрүнүн ыйык китептеринде алдын ала кабар берилгени себептүү) аны (Мухаммадды) өздөрүнүн балдарын тааныгандай таанышат. Алар өздөрүнө зыян кылышты. Эми алар ыйманга келишпейт.,
6,21,وَمَنۡ أَظۡلَمُ مِمَّنِ ٱفۡتَرَىٰ عَلَى ٱللَّهِ كَذِبًا أَوۡ كَذَّبَ بِـَٔايَٰتِهِۦٓۚ إِنَّهُۥ لَا يُفۡلِحُ ٱلظَّٰلِمُونَ,"Эч ким (“Аллахтын баласы же шериги бар” деп) Аллахка жалаа жапкан, Анын аяттарын жалганга чыгарган адамдан өткөн залым эмес! Албетте, (андай) залымдар (тозоктон) кутулбайт.",
6,22,وَيَوۡمَ نَحۡشُرُهُمۡ جَمِيعٗا ثُمَّ نَقُولُ لِلَّذِينَ أَشۡرَكُوٓاْ أَيۡنَ شُرَكَآؤُكُمُ ٱلَّذِينَ كُنتُمۡ تَزۡعُمُونَ,"Биз ошол (Кыямат) Күндө алардын баарын чогултуп, мушриктерге: “(Аллахтын шериктери) деп эсептеген кудайыңар кана?” - дейбиз.",
6,23,ثُمَّ لَمۡ تَكُن فِتۡنَتُهُمۡ إِلَّآ أَن قَالُواْ وَٱللَّهِ رَبِّنَا مَا كُنَّا مُشۡرِكِينَ,"Кийин алардын кыянат жооптору: “О, Раббибиз! Аллахка ант, биз мушрик эмес болчубуз” - деген сөздөр гана болот.",
6,24,ٱنظُرۡ كَيۡفَ كَذَبُواْ عَلَىٰٓ أَنفُسِهِمۡۚ وَضَلَّ عَنۡهُم مَّا كَانُواْ يَفۡتَرُونَ,"Карачы, өздөрүнө кандай жалгандарды ойлоп тапканын жана (ойлорунан) чыгарган «кудайларынын» алардан жок болуп калганын.[1]","[1] Кыяматта мушриктер кудай деп сыйынып жүргөн ыйыктардын бардыгы аларга жардам бере албай, жок болуп калышат. Ал эми, аларды жолдон урган шайтан болсо, айыпты өздөрүнө жүктөйт."
6,25,وَمِنۡهُم مَّن يَسۡتَمِعُ إِلَيۡكَۖ وَجَعَلۡنَا عَلَىٰ قُلُوبِهِمۡ أَكِنَّةً أَن يَفۡقَهُوهُ وَفِيٓ ءَاذَانِهِمۡ وَقۡرٗاۚ وَإِن يَرَوۡاْ كُلَّ ءَايَةٖ لَّا يُؤۡمِنُواْ بِهَاۖ حَتَّىٰٓ إِذَا جَآءُوكَ يُجَٰدِلُونَكَ يَقُولُ ٱلَّذِينَ كَفَرُوٓاْ إِنۡ هَٰذَآ إِلَّآ أَسَٰطِيرُ ٱلۡأَوَّلِينَ,"Алардан (мушриктерден) кээ бирөөлөрү (Куран окуганыңда) сени (карөзгөйлүк менен) угушат. Бирок, Биз алардын жүрөктөрүн - Куранды түшүнбөсүн үчүн - көшөгөлөп, кулактарын дүлөй кылып койдук. Эгер алар бардык моожизаларды көрсө да ишенишпейт. Жадагалса, сенин алдыңа талашып-тартышып келишкен кезде, каапырлар: “Бул (Куран) абалкылардын жомоктору” - дешет.",
6,26,وَهُمۡ يَنۡهَوۡنَ عَنۡهُ وَيَنۡـَٔوۡنَ عَنۡهُۖ وَإِن يُهۡلِكُونَ إِلَّآ أَنفُسَهُمۡ وَمَا يَشۡعُرُونَ,"Алар андан (башкаларды да) кайтарышат, өздөрү да алысташат. Бирок, (бул кылыгы менен) өздөрүн гана кыйроого түрткөндөрүн билбей калышат.",
6,27,وَلَوۡ تَرَىٰٓ إِذۡ وُقِفُواْ عَلَى ٱلنَّارِ فَقَالُواْ يَٰلَيۡتَنَا نُرَدُّ وَلَا نُكَذِّبَ بِـَٔايَٰتِ رَبِّنَا وَنَكُونَ مِنَ ٱلۡمُؤۡمِنِينَ,"(О, Мухаммад!) Аларды тозоктун үстүнө (тике) тургузуп койгондо: “Аттиң, (дүйнөгө) дагы бир жолу кайтарылсак, Раббибиздин аяттарын жалган дебей, момундардан болуп жашасак кана?!”- дегендерин көргөнүңдө...",
6,28,بَلۡ بَدَا لَهُم مَّا كَانُواْ يُخۡفُونَ مِن قَبۡلُۖ وَلَوۡ رُدُّواْ لَعَادُواْ لِمَا نُهُواْ عَنۡهُ وَإِنَّهُمۡ لَكَٰذِبُونَ,"Андай эмес! Аларга мурда ичине каткан нерселери айкын болуп калган(дан улам ушинтип жатышат). Эгер (дүйнөгө) кайтарылса деле, тайманбастан (шариятта) тыйылган (арам) иштерди кылышмак. Анткени, алар - анык жалганчылар.",
6,29,وَقَالُوٓاْ إِنۡ هِيَ إِلَّا حَيَاتُنَا ٱلدُّنۡيَا وَمَا نَحۡنُ بِمَبۡعُوثِينَ,Алар: “Ушул дүйнөдөгү жашообуздан башка жашоо жок. Биз кайрадан тирилбейбиз” - дешти.,
6,30,وَلَوۡ تَرَىٰٓ إِذۡ وُقِفُواْ عَلَىٰ رَبِّهِمۡۚ قَالَ أَلَيۡسَ هَٰذَا بِٱلۡحَقِّۚ قَالُواْ بَلَىٰ وَرَبِّنَاۚ قَالَ فَذُوقُواْ ٱلۡعَذَابَ بِمَا كُنتُمۡ تَكۡفُرُونَ,"Алар Раббисинин алдына тургузулуп (Аллах): “Бул (кайра тирилүү) чындык эмес бекен?!”- деп сураганда, алардын: “Ооба, оо, Рабби! Чындык экен” - дегендерин жана (Аллах аларга): “Каапыр болгонуңар себептүү, эми азаптын даамын таткыла!” - дегенин сен бир көрсөң эле...",
6,31,قَدۡ خَسِرَ ٱلَّذِينَ كَذَّبُواْ بِلِقَآءِ ٱللَّهِۖ حَتَّىٰٓ إِذَا جَآءَتۡهُمُ ٱلسَّاعَةُ بَغۡتَةٗ قَالُواْ يَٰحَسۡرَتَنَا عَلَىٰ مَا فَرَّطۡنَا فِيهَا وَهُمۡ يَحۡمِلُونَ أَوۡزَارَهُمۡ عَلَىٰ ظُهُورِهِمۡۚ أَلَا سَآءَ مَا يَزِرُونَ,"Аллахка жолугууну “жалган” деген адамдар зыян тартышты! (Анткени,) Качан аларга (Кыямат) капысынан келип калганда, күнөөлөрүн жонуна көтөргөн абалдарында: “О-о-х! Дүйнө жашоосун (пайдасыз) өткөрүп жибергенибиз үчүн бизге кайгы! деп калышты. Алардын көтөргөн күнөөлөрү кандай жаман!",
6,32,وَمَا ٱلۡحَيَوٰةُ ٱلدُّنۡيَآ إِلَّا لَعِبٞ وَلَهۡوٞۖ وَلَلدَّارُ ٱلۡأٓخِرَةُ خَيۡرٞ لِّلَّذِينَ يَتَّقُونَۚ أَفَلَا تَعۡقِلُونَ,Дүйнө жашоосу (тез өтүп кетүүчү) оюн-тамаша гана.Такыба кишилер үчүн Акырет жашоосу жакшы. Акылыңарды иштетпейсиңерби?!,
6,33,قَدۡ نَعۡلَمُ إِنَّهُۥ لَيَحۡزُنُكَ ٱلَّذِي يَقُولُونَۖ فَإِنَّهُمۡ لَا يُكَذِّبُونَكَ وَلَٰكِنَّ ٱلظَّٰلِمِينَ بِـَٔايَٰتِ ٱللَّهِ يَجۡحَدُونَ,"(О, Мухаммад!) Алардын сөздөрү сени капа кылганын көрүп турабыз. Алар сени гана “жалганчы” дешкен жок. Бирок залымдар Аллахтын аяттарын дагы четке кагып жатышат.[1]","[1] Мекке мушриктери Мухаммад саллаллоху алайхи ва салламды, пайгамбар боло электе, өтө урматташкан. Жадагалса ага эч кимге ыраа көрбөгөн “Амин” (эң ишеничтүү адам) деген ылакап ыйгарышкан. Анан, качан Мухаммад саллаллоху алайхи ва саллам Аллахтын аяттарын окуп, аны элге жая баштаганда “бул аяттар Аллахтын сөзү эмес, абалкылардын жомоктору” дешип, аларды четке кагышты."
6,34,وَلَقَدۡ كُذِّبَتۡ رُسُلٞ مِّن قَبۡلِكَ فَصَبَرُواْ عَلَىٰ مَا كُذِّبُواْ وَأُوذُواْ حَتَّىٰٓ أَتَىٰهُمۡ نَصۡرُنَاۚ وَلَا مُبَدِّلَ لِكَلِمَٰتِ ٱللَّهِۚ وَلَقَدۡ جَآءَكَ مِن نَّبَإِيْ ٱلۡمُرۡسَلِينَ,Сенден мурунку пайгамбарларга деле “жалганчы” деген жалаа жабылган жана алар бул жалаа-залымдыктарга Биздин жардамыбыз келгенге чейин сабыр кылышкан. Аллахтын (Курандагы) сөздөрүн эч ким башкасына алмаштыра албайт. Сага мурдагы пайгамбарлардын кабары келди го.,
6,35,وَإِن كَانَ كَبُرَ عَلَيۡكَ إِعۡرَاضُهُمۡ فَإِنِ ٱسۡتَطَعۡتَ أَن تَبۡتَغِيَ نَفَقٗا فِي ٱلۡأَرۡضِ أَوۡ سُلَّمٗا فِي ٱلسَّمَآءِ فَتَأۡتِيَهُم بِـَٔايَةٖۚ وَلَوۡ شَآءَ ٱللَّهُ لَجَمَعَهُمۡ عَلَى ٱلۡهُدَىٰۚ فَلَا تَكُونَنَّ مِنَ ٱلۡجَٰهِلِينَ,"Эгер алардын (акыйкаттан) бурулуп кетүүсү сага оор болсо, (аларды ээрчитип алууга кызыксаң) колуңан келсе, жерге (түшчү) жарака, асманга (чыкчу) шаты издеп, аларга (ишендире турган) бир моожиза таап бер! Эгер Аллах кааласа, Өзү аларды туура жолго чогултуп алмак! Сен илими тайкылардан болбогун!",
6,36,۞ إِنَّمَا يَسۡتَجِيبُ ٱلَّذِينَ يَسۡمَعُونَۘ وَٱلۡمَوۡتَىٰ يَبۡعَثُهُمُ ٱللَّهُ ثُمَّ إِلَيۡهِ يُرۡجَعُونَ,"(О, Мухаммад, чакырыгыңа) уга турган адамдар гана жооп беришет. Ал эми, (жүрөгү) өлүктөр болсо, (бул дүйнөдө динди кабыл албайт) Аллах аларды кайра тирилтет. Анан Өзүнө кайтарылышат.",
6,37,وَقَالُواْ لَوۡلَا نُزِّلَ عَلَيۡهِ ءَايَةٞ مِّن رَّبِّهِۦۚ قُلۡ إِنَّ ٱللَّهَ قَادِرٌ عَلَىٰٓ أَن يُنَزِّلَ ءَايَةٗ وَلَٰكِنَّ أَكۡثَرَهُمۡ لَا يَعۡلَمُونَ,"Жана (мушриктер): “Ага (Мухаммадга) Раббисинен бир далил-моожиза түшсө экен” - дешет. Айткын: “Аллах (силер тилегендей) далилди түшүрүүгө да Кудуреттүү”. Бирок, алардын көпчүлүгү (акыйкатты) билишпейт.[1]","[1] Бул жерде мушриктер билбей калган акыйкат төмөндөгүчө: Эгер Аллах мушриктер тилегендей, өз пайгамбарынын колу же сөзү менен какыр чөлдөн булактарды чыгарып, дарыяларды агызып, көз ачып-жумгуча бак-бостондорду жаратып койсо деле болот. Ал буга Кудуреттүү. Бирок, ошондо да жүрөгү өлүк мушриктер, Мухаммад саллаллоху алайхи ва салламдын пайгамбарчылыгына моюн сунбаш үчүн дагы бир шоона эшпеген шылтоону табышат болчу. Анан көзгө көрүнүп турган далил - моожизаны тан албай койгону себептүү Аллах аларды ошол эле жеринде жок кылмак. Даанышман, Ырйымдуу Аллах, андан көрө аларга Куран аяттарынын үстүндө пикир кылууну жана ааламдардагы Аллахтын кудуретине далил болгон нерселерге акылдуу адамдын көзү менен кароону сунуш кылат."
6,38,وَمَا مِن دَآبَّةٖ فِي ٱلۡأَرۡضِ وَلَا طَٰٓئِرٖ يَطِيرُ بِجَنَاحَيۡهِ إِلَّآ أُمَمٌ أَمۡثَالُكُمۚ مَّا فَرَّطۡنَا فِي ٱلۡكِتَٰبِ مِن شَيۡءٖۚ ثُمَّ إِلَىٰ رَبِّهِمۡ يُحۡشَرُونَ,Жерде жүргөн - сойлогондун жана эки канаты менен асманда учкандын баары силер сыяктуу эле үммөт. Биз Китепте[1] (тагдырын жазбастан) эч нерсени калтырып койгон эмеспиз. Кийин (адамдардын бардыгы) Раббисине чогултулат.,"[1] Бул аяттагы «Китеп» ааламдар жаралаардан илгери, Аллах таала жазган “Лаухул-Махфуз” деген Үлкөн Китеп. Аллах таала ал китепке баардык нерселердин тагдырын алдын ала жазган. Лаухул Махфуз - «Аль Казаау вал Кадар» деп аталган Аллах тааланын тагдыр-эрежесиндеги төрт баскычтын экинчиси. Ошентип, Аллах тааланын тагдыр эрежеси төмөндөгү төрт баскычтан турат: 1- Илим. Башкача айтканда, Аллах тааланын ар бир нерсени алдын ала билиши. 2 - Жазуу. Бул Аллах тааланын алдын ала билип, белгилеген тагдырларын, чечимдерин Лаухул Махфузга жазышы. 3 - Каалоо жана Кудурет. Бул Аллах тааланын ар нерсеге өтүүчү каалоосу жана кудурети. 4 - Жаратуу. Бул Аллах тааланын бардык макулуктарды, жадагалса, пенделердин пейилдерине чейин Лаухул Махфузда жазылгандай жаратышы. Бул аяттагы Китептен максат Курани Карим болушу да мүмкүн. Анда маани төмөндөгүчө болот: ""Биз китепте (Куранда) эч нерсени калтырган эмеспиз (бардыгын жазганбыз)"". Албетте, Куранда бардык нерселердин баяны жазылган. Дагы башка бир аятта Аллах Өзүнүн китебин: ""Ар бир нерсеге баян"" деп сыпаттаган."
6,39,وَٱلَّذِينَ كَذَّبُواْ بِـَٔايَٰتِنَا صُمّٞ وَبُكۡمٞ فِي ٱلظُّلُمَٰتِۗ مَن يَشَإِ ٱللَّهُ يُضۡلِلۡهُ وَمَن يَشَأۡ يَجۡعَلۡهُ عَلَىٰ صِرَٰطٖ مُّسۡتَقِيمٖ,"Биздин аяттарыбызды жалган дегендер (наадандык) караңгылыгында калган сокурлар жана дүлөйлөр. (Алар акыйкатты көрө да, уга да алышпайт) Аллах Өзү каалаган пендесин адаштырат жана каалаган пендесин туура жолго салат.",
6,40,قُلۡ أَرَءَيۡتَكُمۡ إِنۡ أَتَىٰكُمۡ عَذَابُ ٱللَّهِ أَوۡ أَتَتۡكُمُ ٱلسَّاعَةُ أَغَيۡرَ ٱللَّهِ تَدۡعُونَ إِن كُنتُمۡ صَٰدِقِينَ,"(Мушриктерге) айткын: “Эгер чынчыл болсоңор айткылачы, силерге Аллахтын азабы же Кыямат келип калса, Аллахтан башкага (жардам сурап) дуба кыласыңарбы?!”",
6,41,بَلۡ إِيَّاهُ تَدۡعُونَ فَيَكۡشِفُ مَا تَدۡعُونَ إِلَيۡهِ إِن شَآءَ وَتَنسَوۡنَ مَا تُشۡرِكُونَ,"Жок! Ага гана дуба кыласыңар! Ал эгер кааласа силер дуба кылып сураган нерседен (азаптан) арылтат. Ал эми, Аллахка шерик кылган “кудайыңарды” (башыңарга азап түшкөндө) унутуп койосуңар.",
6,42,وَلَقَدۡ أَرۡسَلۡنَآ إِلَىٰٓ أُمَمٖ مِّن قَبۡلِكَ فَأَخَذۡنَٰهُم بِٱلۡبَأۡسَآءِ وَٱلضَّرَّآءِ لَعَلَّهُمۡ يَتَضَرَّعُونَ,"Биз (о, Мухаммад!) сенден мурунку элдерге да пайгамбарларды жибергенбиз. (Бирок, пайгамбарларды «жалганчы» дешкенден) кийин аларды тообо кылып, баш ийүүлөрү үчүн балээ - зыяндар менен кармадык.",
6,43,فَلَوۡلَآ إِذۡ جَآءَهُم بَأۡسُنَا تَضَرَّعُواْ وَلَٰكِن قَسَتۡ قُلُوبُهُمۡ وَزَيَّنَ لَهُمُ ٱلشَّيۡطَٰنُ مَا كَانُواْ يَعۡمَلُونَ,"Аларга биздин балээ - зыяныбыз келгенде тообо кылышса болмок! Бирок, жүрөктөрү таш болуп калган жана шайтан аларга (күнөө иштерин) кооздоп көргөзгөн!",
6,44,فَلَمَّا نَسُواْ مَا ذُكِّرُواْ بِهِۦ فَتَحۡنَا عَلَيۡهِمۡ أَبۡوَٰبَ كُلِّ شَيۡءٍ حَتَّىٰٓ إِذَا فَرِحُواْ بِمَآ أُوتُوٓاْ أَخَذۡنَٰهُم بَغۡتَةٗ فَإِذَا هُم مُّبۡلِسُونَ,"Анан, өздөрүнө эскертилген нерселерди (балээ-зыяндарды) унутуп (шайтанга жетеленип) калышканда, Биз аларга бардык нерселердин эшигин ачык койдук.[1] Өздөрүнө берилген нерселер менен сүйүнүп турганда, капыстан, (күтпөгөн балээ менен) кармап койдук эле, дароо үмүтсүз абалда калышты.","[1] Алар байлыкта, илимде, жыргал жашоо себептеринде деги эле дүйнөдө жогорку жетишкендикке жетишти."
6,45,فَقُطِعَ دَابِرُ ٱلۡقَوۡمِ ٱلَّذِينَ ظَلَمُواْۚ وَٱلۡحَمۡدُ لِلَّهِ رَبِّ ٱلۡعَٰلَمِينَ,"Мына ушинтип, залым адамдардын “куйругу кесилди” (тукум курут кылынды). Ааламдардын Раббиси - Аллахка мактоолор болсун!",
6,46,قُلۡ أَرَءَيۡتُمۡ إِنۡ أَخَذَ ٱللَّهُ سَمۡعَكُمۡ وَأَبۡصَٰرَكُمۡ وَخَتَمَ عَلَىٰ قُلُوبِكُم مَّنۡ إِلَٰهٌ غَيۡرُ ٱللَّهِ يَأۡتِيكُم بِهِۗ ٱنظُرۡ كَيۡفَ نُصَرِّفُ ٱلۡأٓيَٰتِ ثُمَّ هُمۡ يَصۡدِفُونَ,"Айт (о, Мухаммад): “Кандай дейсиңер, эгер Аллах силердин көзүңөрдү, кулагыңарды алып жана жүрөгүңөргө мөөр басып койсо, аларды Аллахтан башка кайсы “кудай” кайтарып бере алат?!” Биз далилдерди кандай тизмектеп келтиргенибизди жана (ушуга да көзү ачылбай) кийин бурулуп кетишкенин көрүп ал.",
6,47,قُلۡ أَرَءَيۡتَكُمۡ إِنۡ أَتَىٰكُمۡ عَذَابُ ٱللَّهِ بَغۡتَةً أَوۡ جَهۡرَةً هَلۡ يُهۡلَكُ إِلَّا ٱلۡقَوۡمُ ٱلظَّٰلِمُونَ,"Айткын: “(Оо, мушриктер), айткылачы, эгер силерге Аллахтын азабы капыстан же ачык эле келсе, залым (мушрик) адамдардан башка ким кыйратылат?!”",
6,48,وَمَا نُرۡسِلُ ٱلۡمُرۡسَلِينَ إِلَّا مُبَشِّرِينَ وَمُنذِرِينَۖ فَمَنۡ ءَامَنَ وَأَصۡلَحَ فَلَا خَوۡفٌ عَلَيۡهِمۡ وَلَا هُمۡ يَحۡزَنُونَ,"Биз пайгамбарларды (бейиштен) сүйүнчү кабар берүүчү жана (тозоктон) эскертүүчү кылып жиберебиз. Эми, ким ыйман келтирип, жакшы иштерди жасаса, аларга коркунуч да, кайгы-капа да жок.",
6,49,وَٱلَّذِينَ كَذَّبُواْ بِـَٔايَٰتِنَا يَمَسُّهُمُ ٱلۡعَذَابُ بِمَا كَانُواْ يَفۡسُقُونَ,"Ал эми, Биздин аяттарыбызды жалганга чыгарган адамдар, жасаган бузук иштери үчүн азапка салынат!",
6,50,قُل لَّآ أَقُولُ لَكُمۡ عِندِي خَزَآئِنُ ٱللَّهِ وَلَآ أَعۡلَمُ ٱلۡغَيۡبَ وَلَآ أَقُولُ لَكُمۡ إِنِّي مَلَكٌۖ إِنۡ أَتَّبِعُ إِلَّا مَا يُوحَىٰٓ إِلَيَّۚ قُلۡ هَلۡ يَسۡتَوِي ٱلۡأَعۡمَىٰ وَٱلۡبَصِيرُۚ أَفَلَا تَتَفَكَّرُونَ,"Айткын: “Мен силерге “Менин алдымда Аллахтын казыналары бар” дебеймин.[1] Дагы мен кайыпты да билбеймин, жана мен силерге “Мен - периштемин” деп да айтпаймын. Мен өзүмө аян-кабар кылынган нерселерди гана ээрчиймин”. Айткын: “Сокур менен көздүү киши тең боло алабы? Пикир кылбайсыңарбы?!”","[1] Бул аят менен пайгамбарыбыз эч бир адамга өз каалоосу менен байлык, ырыскы, ден-соолук, бакыт-таалай, кыскасы пайда бере албастыгын айтууга буюрулду."
6,51,وَأَنذِرۡ بِهِ ٱلَّذِينَ يَخَافُونَ أَن يُحۡشَرُوٓاْ إِلَىٰ رَبِّهِمۡ لَيۡسَ لَهُم مِّن دُونِهِۦ وَلِيّٞ وَلَا شَفِيعٞ لَّعَلَّهُمۡ يَتَّقُونَ,"Сен Раббисине чогулуудан корко турган адамдарды аны (Куран) менен эскерткин. Аларга Андан башка дос-башчы да, шапаатчы да жок. Такыба болушса кана!",
6,52,وَلَا تَطۡرُدِ ٱلَّذِينَ يَدۡعُونَ رَبَّهُم بِٱلۡغَدَوٰةِ وَٱلۡعَشِيِّ يُرِيدُونَ وَجۡهَهُۥۖ مَا عَلَيۡكَ مِنۡ حِسَابِهِم مِّن شَيۡءٖ وَمَا مِنۡ حِسَابِكَ عَلَيۡهِم مِّن شَيۡءٖ فَتَطۡرُدَهُمۡ فَتَكُونَ مِنَ ٱلظَّٰلِمِينَ,"Эртели-кеч Раббисине, Анын Жүзүн (ыраазылыгын) каалап дуба кылган кишилерди (алдыңдан) кетирбегин! Алардын эсебинен сага эч нерсе жок. Сенин эсебиңден аларга эч нерсе жок. Аларды кетирип, залым адамдардан болбогун![1]","[1] Курайш уруусунун бай-манаптарынан бир нечеси Мухаммад саллаллоху алайхи ва салламга: “Эгер биз ыйманга кирип, сени менен отурушубузду кааласаң, тиги селсаяк-кедейлерди айдагын. Биз алар менен бирге отурууга арданабыз” дегенде, Аллах ушул аятты түшүргөн."
6,53,وَكَذَٰلِكَ فَتَنَّا بَعۡضَهُم بِبَعۡضٖ لِّيَقُولُوٓاْ أَهَٰٓؤُلَآءِ مَنَّ ٱللَّهُ عَلَيۡهِم مِّنۢ بَيۡنِنَآۗ أَلَيۡسَ ٱللَّهُ بِأَعۡلَمَ بِٱلشَّٰكِرِينَ,"“Биздин арабыздагы Аллах жакшылык бергендер - ушуларбы?!” деп, (текеберленип) сурагандары үчүн Биз аларды (бай-кедей кылып) бири-бири менен сынадык. Шүгүр кылгандарды Аллах көбүрөөк Билүүчү эмеспи?!",
6,54,وَإِذَا جَآءَكَ ٱلَّذِينَ يُؤۡمِنُونَ بِـَٔايَٰتِنَا فَقُلۡ سَلَٰمٌ عَلَيۡكُمۡۖ كَتَبَ رَبُّكُمۡ عَلَىٰ نَفۡسِهِ ٱلرَّحۡمَةَ أَنَّهُۥ مَنۡ عَمِلَ مِنكُمۡ سُوٓءَۢا بِجَهَٰلَةٖ ثُمَّ تَابَ مِنۢ بَعۡدِهِۦ وَأَصۡلَحَ فَأَنَّهُۥ غَفُورٞ رَّحِيمٞ,"Эгер сага, Биздин аяттарыбызга ыйман келтирген адамдар келсе, аларга: “Силерге салам! Раббиңер Өзүнө ырайымдуулукту жазды. Араңардан кимде-ким билбестен күнөө иш жасап, кийин тообо кылып, жакшы иштерди жасаса, албетте, Ал (Аллах) Кечиримдүү, Ырайымдуу” - деп айткын.",
6,55,وَكَذَٰلِكَ نُفَصِّلُ ٱلۡأٓيَٰتِ وَلِتَسۡتَبِينَ سَبِيلُ ٱلۡمُجۡرِمِينَ,"Биз, кылмышкер адамдардын жолу айкын болуусу (жана силер ал жолдон сак болууңар) үчүн Өзүбүздүн аяттарды мына ушинтип толук баяндайбыз.",
6,56,قُلۡ إِنِّي نُهِيتُ أَنۡ أَعۡبُدَ ٱلَّذِينَ تَدۡعُونَ مِن دُونِ ٱللَّهِۚ قُل لَّآ أَتَّبِعُ أَهۡوَآءَكُمۡ قَدۡ ضَلَلۡتُ إِذٗا وَمَآ أَنَا۠ مِنَ ٱلۡمُهۡتَدِينَ,"Айткын: “Мен, Аллахтан башка силер жалбарып, дуба кыла турган нерселерге (буттарга) ибадат кылуудан кайтарылдым”, Айткын: “Мен силердин каалооңорду ээрчибеймин. Анда мен адашып, туура жолду тапкандардан болбой калам”.",
6,57,قُلۡ إِنِّي عَلَىٰ بَيِّنَةٖ مِّن رَّبِّي وَكَذَّبۡتُم بِهِۦۚ مَا عِندِي مَا تَسۡتَعۡجِلُونَ بِهِۦٓۚ إِنِ ٱلۡحُكۡمُ إِلَّا لِلَّهِۖ يَقُصُّ ٱلۡحَقَّۖ وَهُوَ خَيۡرُ ٱلۡفَٰصِلِينَ,"Айткын: “(О, мушриктер), мен Раббим тарабынан берилген анык далилдердин үстүндөмүн. Силер болсо, аны “жалган” деп жатасыңар. Силер шаштырып жаткан нерсе (азап) менин алдымда эмес. Өкүм Аллахтын Өзүнө гана тиешелүү. Ал акыйкатты сүйлөйт. Ал эң жакшы ажырым кылуучу.",
6,58,قُل لَّوۡ أَنَّ عِندِي مَا تَسۡتَعۡجِلُونَ بِهِۦ لَقُضِيَ ٱلۡأَمۡرُ بَيۡنِي وَبَيۡنَكُمۡۗ وَٱللَّهُ أَعۡلَمُ بِٱلظَّٰلِمِينَ,"Айткын: “Эгер силер шаштырган нерсе (азап) менде болгондо, мени менен силердин араңардагы “иш” эчак эле бүтмөк. Аллах залым адамдарды Билүүчү.",
6,59,۞ وَعِندَهُۥ مَفَاتِحُ ٱلۡغَيۡبِ لَا يَعۡلَمُهَآ إِلَّا هُوَۚ وَيَعۡلَمُ مَا فِي ٱلۡبَرِّ وَٱلۡبَحۡرِۚ وَمَا تَسۡقُطُ مِن وَرَقَةٍ إِلَّا يَعۡلَمُهَا وَلَا حَبَّةٖ فِي ظُلُمَٰتِ ٱلۡأَرۡضِ وَلَا رَطۡبٖ وَلَا يَابِسٍ إِلَّا فِي كِتَٰبٖ مُّبِينٖ,"Кайыптын ачкычтары (илими) Анын гана алдында. Аны бир Өзүнөн башка эч ким билбейт. Ал (Аллах) кургактагы, деңиздеги бардык нерселерди билет. Жадагалса, бир жалбырак үзүлүп түшчү болсо – аны да билет. Кара жер койнундагы бир даана дан болсун, бардык суулуу же кургак нерселер болсун, (бардыгынын кабары) Анык Китепте (Лавхул Махфузда) бар.",
6,60,وَهُوَ ٱلَّذِي يَتَوَفَّىٰكُم بِٱلَّيۡلِ وَيَعۡلَمُ مَا جَرَحۡتُم بِٱلنَّهَارِ ثُمَّ يَبۡعَثُكُمۡ فِيهِ لِيُقۡضَىٰٓ أَجَلٞ مُّسَمّٗىۖ ثُمَّ إِلَيۡهِ مَرۡجِعُكُمۡ ثُمَّ يُنَبِّئُكُم بِمَا كُنتُمۡ تَعۡمَلُونَ,Ал түндөсү силерди (уктатуу менен) жаныңарды алат. Күн бою эмне кылып жүргөнүңөрдү да билет. Кийин белгиленген мөөнөт (өмүр) толук болуусу үчүн Ал силерди күндүзү кайра тирилтет . Кийин (өмүр толук бүткөндө) кайтып барууңар - Өзүнө. Андан соң (Кыяматта) Ал силерге эмне кылып жүргөнүңөрдүн кабарын берет.,
6,61,وَهُوَ ٱلۡقَاهِرُ فَوۡقَ عِبَادِهِۦۖ وَيُرۡسِلُ عَلَيۡكُمۡ حَفَظَةً حَتَّىٰٓ إِذَا جَآءَ أَحَدَكُمُ ٱلۡمَوۡتُ تَوَفَّتۡهُ رُسُلُنَا وَهُمۡ لَا يُفَرِّطُونَ,"Ал пенделеринин үстүнөн Өкүмдар.[1] Жана Ал силерге Өзүнүн “хафаза”[2] периштелерин жиберет. Качан силердин бирөөңөргө өлүм (убактысы) келгенде, Биздин (жан алгыч периштелерден турган) элчилерибиз өз убактысынан кечиктирбей анын жанын алышат.","[1] Алла тааланын Аль-Кахир деген ысымынын толук мааниси «Бардык нерселерге мажбур түрдө өкүмүн өткөрүүчү», «Жеңүүчү» деген түшүнүктөрдү берет. [2] “Хафаза”, “сактоочу”, “коргоочу”, “күзөтчү” деген маанилерди билдирет."
6,62,ثُمَّ رُدُّوٓاْ إِلَى ٱللَّهِ مَوۡلَىٰهُمُ ٱلۡحَقِّۚ أَلَا لَهُ ٱلۡحُكۡمُ وَهُوَ أَسۡرَعُ ٱلۡحَٰسِبِينَ,Кийин алар (өлгөн пенделер) чыныгы кожоюндары – Аллахка кайтарылышат. Уккула! Өкүм Өзүнө гана таандык! Ал өтө тез эсептешүүчү.,
6,63,قُلۡ مَن يُنَجِّيكُم مِّن ظُلُمَٰتِ ٱلۡبَرِّ وَٱلۡبَحۡرِ تَدۡعُونَهُۥ تَضَرُّعٗا وَخُفۡيَةٗ لَّئِنۡ أَنجَىٰنَا مِنۡ هَٰذِهِۦ لَنَكُونَنَّ مِنَ ٱلشَّٰكِرِينَ,"(Мушриктерге): “Кургактагы жана деңиздеги апааттарда жалбарып жана ичиңерден: “Эгер ушунан куткарса, сөзсүз шүгүр (ибадат) кылуучулардан боломун” - деп кимге дуба кыласыңар жана силерди (ошол балээден) ким куткарат?” - деп айткын.",
6,64,قُلِ ٱللَّهُ يُنَجِّيكُم مِّنۡهَا وَمِن كُلِّ كَرۡبٖ ثُمَّ أَنتُمۡ تُشۡرِكُونَ,Айткын: “Силерди ал апааттардан жана башка бардык кайгылардан Аллах гана куткарат. Кийин силер дагы эле (Ага башка “кудайларды”) шерик кыла бересиңер”.[1],"[1] Башына оор кайгы түшкөндө, адам баласы, эгер ал мушрик болсо да, буттарга же башка ""кудайларга"" эмес, Аллах таалага гана жалбарат. Мунун мааниси таухид (жалгыз Аллахка сыйынуу) инсан табияты умтулган чындык экенинде. Бирок, көп адамдар өздөрүнүн табиятына каршы жашайт."
6,65,قُلۡ هُوَ ٱلۡقَادِرُ عَلَىٰٓ أَن يَبۡعَثَ عَلَيۡكُمۡ عَذَابٗا مِّن فَوۡقِكُمۡ أَوۡ مِن تَحۡتِ أَرۡجُلِكُمۡ أَوۡ يَلۡبِسَكُمۡ شِيَعٗا وَيُذِيقَ بَعۡضَكُم بَأۡسَ بَعۡضٍۗ ٱنظُرۡ كَيۡفَ نُصَرِّفُ ٱلۡأٓيَٰتِ لَعَلَّهُمۡ يَفۡقَهُونَ,"Айткын: “Ал силерге үстүңөрдөн, бутуңардын астынан азап жиберүүгө же болбосо, силерди ар түрдүү топторго аралаштырып жана бириңердин азабыңарды бириңерге таттырууга кудуреттүү!”[1] (Оо, Мухаммад, адамдар акыйкатты) түшүнүп алышсын деп, далилдерди ар кандай ыкмада тизмектеп жатканыбызды көрүп кой.","[1] Жиберген элчисин укпай койгондо, Аллах таала тарыхта өткөн мушрик коомдордун үстүнөн таш жаадырып, же болбосо бутунун астындагы жер аларды жутуп жиберип, азаптаган. Аллахтын бейбаш-мушрик коомдорго жибере турган дагы бир азабы бар. Бул - алардын ар түрдүү топторго бөлүнүп алып, өз ара кырылышып, бири-бирине зулумдук кылуулары. Аллах таала Өз ырайымы менен мусулман үммөтүн асмандан таш жаадыруу, жерге жуткуруу сыяктуу азаптардан сактап турат. Бирок, топторго бөлүнүп, бири-бири менен кырды-бычак болуу, биринин жерин бири басып алуу сыяктуу азаптар менен азаптай баштаганына көп болду. Мунун баары Анын өкүмү менен жашабагандыктын кесепети."
6,66,وَكَذَّبَ بِهِۦ قَوۡمُكَ وَهُوَ ٱلۡحَقُّۚ قُل لَّسۡتُ عَلَيۡكُم بِوَكِيلٖ,"Сенин (Меккедеги) коомуң аны (Куранды) “жалган” - деди. Чынында, ал - акыйкат. Аларга: “Мен силерге кароолчу эмесмин - деп айт.[1]","[1] Пайгамбардын милдети - Аллахтын өкүмдөрүн элдерге жеткирүү. Ал ар бир адамдын артынан кароолчу болуп: “Аткардыңбы, жокпу?” деп сурамжылап жүрбөйт."
6,67,لِّكُلِّ نَبَإٖ مُّسۡتَقَرّٞۚ وَسَوۡفَ تَعۡلَمُونَ,Ар бир кабардын өз убактысы бар. Тез арада анын чындык экенин билип аласыңар.,
6,68,وَإِذَا رَأَيۡتَ ٱلَّذِينَ يَخُوضُونَ فِيٓ ءَايَٰتِنَا فَأَعۡرِضۡ عَنۡهُمۡ حَتَّىٰ يَخُوضُواْ فِي حَدِيثٍ غَيۡرِهِۦۚ وَإِمَّا يُنسِيَنَّكَ ٱلشَّيۡطَٰنُ فَلَا تَقۡعُدۡ بَعۡدَ ٱلذِّكۡرَىٰ مَعَ ٱلۡقَوۡمِ ٱلظَّٰلِمِينَ,"Эгер сен Биздин аяттарыбыз жөнүндө чындыкка каршы сүйлөгөн адамдарды көрсөң, качан алар башка сөзгө чумкуп кирмейинче, алардан алыс бол. Эгер шайтан унуттурган болсо, (эсиңен чыгып алар менен отурган болсоң) эстегениңден кийин залым коомдор менен отурба!",
6,69,وَمَا عَلَى ٱلَّذِينَ يَتَّقُونَ مِنۡ حِسَابِهِم مِّن شَيۡءٖ وَلَٰكِن ذِكۡرَىٰ لَعَلَّهُمۡ يَتَّقُونَ,"Такыба (Аллахтан корккон) кишилердин мойнунда алардын (мушриктердин) эсебинен эч нерсе жок. Бирок, акыл-насаат айтуу гана бар. Мүмкүн алар дагы такыба болуп калышаар.",
6,70,وَذَرِ ٱلَّذِينَ ٱتَّخَذُواْ دِينَهُمۡ لَعِبٗا وَلَهۡوٗا وَغَرَّتۡهُمُ ٱلۡحَيَوٰةُ ٱلدُّنۡيَاۚ وَذَكِّرۡ بِهِۦٓ أَن تُبۡسَلَ نَفۡسُۢ بِمَا كَسَبَتۡ لَيۡسَ لَهَا مِن دُونِ ٱللَّهِ وَلِيّٞ وَلَا شَفِيعٞ وَإِن تَعۡدِلۡ كُلَّ عَدۡلٖ لَّا يُؤۡخَذۡ مِنۡهَآۗ أُوْلَٰٓئِكَ ٱلَّذِينَ أُبۡسِلُواْ بِمَا كَسَبُواْۖ لَهُمۡ شَرَابٞ مِّنۡ حَمِيمٖ وَعَذَابٌ أَلِيمُۢ بِمَا كَانُواْ يَكۡفُرُونَ,"Диндерин оюн-тамашага айлантып, дүйнө жашоосуна алданып калган адамдардан оолак бол! Аларга Куран менен (төмөнкүлөрдү) эскерт: Ар бир жан өзүнүн гана кылган иши менен өлүмгө барат. (Ошондо) ага Аллахтан башка эч бир дос, эч бир колдоочу болбойт жана (эгер күнөөсүнүн кечирилүүсү үчүн) ар кандай (баалуу) нерсени берсе да, анысы кабыл кылынбайт. Алар өз кылмыштары менен өлүмгө (тозокко) жолуктурулат. Аларга каапыр болгондору үчүн(тозокто) кайнак суу менен жан ооруткан азап бар!",
6,71,قُلۡ أَنَدۡعُواْ مِن دُونِ ٱللَّهِ مَا لَا يَنفَعُنَا وَلَا يَضُرُّنَا وَنُرَدُّ عَلَىٰٓ أَعۡقَابِنَا بَعۡدَ إِذۡ هَدَىٰنَا ٱللَّهُ كَٱلَّذِي ٱسۡتَهۡوَتۡهُ ٱلشَّيَٰطِينُ فِي ٱلۡأَرۡضِ حَيۡرَانَ لَهُۥٓ أَصۡحَٰبٞ يَدۡعُونَهُۥٓ إِلَى ٱلۡهُدَى ٱئۡتِنَاۗ قُلۡ إِنَّ هُدَى ٱللَّهِ هُوَ ٱلۡهُدَىٰۖ وَأُمِرۡنَا لِنُسۡلِمَ لِرَبِّ ٱلۡعَٰلَمِينَ,"Айткын: (“О, мушриктер), биз (силерге окшоп) Аллахтан башка, пайда, да, зыян да жеткире албай турган нерселерге дуба кылмак белек?! Жана да, жер бетиндеги, (бир жагынан) шайтандар азгырып, (экинчи жагынан) өзүнүн достору “кел” деп, туура жолго чакырып турганда (орто жолдо) эмне кылаарын билбей калган адам сыяктуу, Аллах туура жолго баштап койгон соң, дагы артыбызга кайтмак белек?!” Айткын: “Туура жол - бул Аллахтын жолу жана биз ааламдардын Раббисине моюн сунууга буюрулганбыз”.",
6,72,وَأَنۡ أَقِيمُواْ ٱلصَّلَوٰةَ وَٱتَّقُوهُۚ وَهُوَ ٱلَّذِيٓ إِلَيۡهِ تُحۡشَرُونَ,(Дагы биз) “Намазды толук окугула жана Аллахка такыба болгула” (деп буюрулганбыз). Ал – баарыңар чогулуп бара турган Аллах.,
6,73,وَهُوَ ٱلَّذِي خَلَقَ ٱلسَّمَٰوَٰتِ وَٱلۡأَرۡضَ بِٱلۡحَقِّۖ وَيَوۡمَ يَقُولُ كُن فَيَكُونُۚ قَوۡلُهُ ٱلۡحَقُّۚ وَلَهُ ٱلۡمُلۡكُ يَوۡمَ يُنفَخُ فِي ٱلصُّورِۚ عَٰلِمُ ٱلۡغَيۡبِ وَٱلشَّهَٰدَةِۚ وَهُوَ ٱلۡحَكِيمُ ٱلۡخَبِيرُ,"Ал - асмандар менен жерди акыйкат менен жараткан Аллах. Ал “бол!” деген күндө болуп (жаралып) калат. Анын Сөзү - чындык! «Сур» (деген чоор) тартылган күнү бүт падышалык Ага гана таандык болот. Ал көрүнгөндү да, көмүскөнү да Билүүчү! Ал – Даанышман, Кабардар.",
6,74,۞ وَإِذۡ قَالَ إِبۡرَٰهِيمُ لِأَبِيهِ ءَازَرَ أَتَتَّخِذُ أَصۡنَامًا ءَالِهَةً إِنِّيٓ أَرَىٰكَ وَقَوۡمَكَ فِي ضَلَٰلٖ مُّبِينٖ,"Эстегин: Ибрахим атасы Аазарга: “(Ушул пайдасы да, зыяны да жок) таштарды ибадат кылууга татыктуу кудайлар деп эсептейсизби? Мен сизди жана коомуңузду анык адашууда деп ойлоймун” - деди.",
6,75,وَكَذَٰلِكَ نُرِيٓ إِبۡرَٰهِيمَ مَلَكُوتَ ٱلسَّمَٰوَٰتِ وَٱلۡأَرۡضِ وَلِيَكُونَ مِنَ ٱلۡمُوقِنِينَ,"Ошондой эле, Биз Ибрахим анык ишенүүчүлөрдөн болуусу үчүн асмандардагы жана жердеги мүлктөрдү көрсөттүк.",
6,76,فَلَمَّا جَنَّ عَلَيۡهِ ٱلَّيۡلُ رَءَا كَوۡكَبٗاۖ قَالَ هَٰذَا رَبِّيۖ فَلَمَّآ أَفَلَ قَالَ لَآ أُحِبُّ ٱلۡأٓفِلِينَ,"Аны түн (караңгылыгы) ороп алганда (чырактай) жылдызды көрүп: “Бул - менин Раббим” деди. Ал эми, жылдыз көрүнбөй калганда “Жоголуп кетүүчүлөрдү сүйбөймүн” деди.",
6,77,فَلَمَّا رَءَا ٱلۡقَمَرَ بَازِغٗا قَالَ هَٰذَا رَبِّيۖ فَلَمَّآ أَفَلَ قَالَ لَئِن لَّمۡ يَهۡدِنِي رَبِّي لَأَكُونَنَّ مِنَ ٱلۡقَوۡمِ ٱلضَّآلِّينَ,"Анан, (жаркырап) чыгып келген Айды көрө калып: “Мына, менин Раббим!” - деди. Кийин, Ай дагы жоголуп кеткенде “Эгер Раббим мени туура жолго баштабаса, адашуучулардан болуп каламын!” - деди.",
6,78,فَلَمَّا رَءَا ٱلشَّمۡسَ بَازِغَةٗ قَالَ هَٰذَا رَبِّي هَٰذَآ أَكۡبَرُۖ فَلَمَّآ أَفَلَتۡ قَالَ يَٰقَوۡمِ إِنِّي بَرِيٓءٞ مِّمَّا تُشۡرِكُونَ,"Андан соң, (нур чачып) чыккан Күндү көрүп, «Раббим – ушул! Ушул эң чоңу!» деди. Анан Күн дагы батып кеткенде: (Асман-Жер мүлктөрүнүн Кудай эместигине анык ишенип, жалгыз Рабби - Аллах экенинен шек санабай) “О, элим! Мен силер (Аллахка) шерик кылып жаткан (бардык) нерселерден тазамын! - деди.",
6,79,إِنِّي وَجَّهۡتُ وَجۡهِيَ لِلَّذِي فَطَرَ ٱلسَّمَٰوَٰتِ وَٱلۡأَرۡضَ حَنِيفٗاۖ وَمَآ أَنَا۠ مِنَ ٱلۡمُشۡرِكِينَ,"Мен адашуудан акыйкатка кайтып, асмандарды жана жерди жараткан чыныгы Кудайга (Аллахка) жүзүмдү бурдум жана (эч качан) мушриктерден болбоймун” - деди.",
6,80,وَحَآجَّهُۥ قَوۡمُهُۥۚ قَالَ أَتُحَٰٓجُّوٓنِّي فِي ٱللَّهِ وَقَدۡ هَدَىٰنِۚ وَلَآ أَخَافُ مَا تُشۡرِكُونَ بِهِۦٓ إِلَّآ أَن يَشَآءَ رَبِّي شَيۡـٔٗاۚ وَسِعَ رَبِّي كُلَّ شَيۡءٍ عِلۡمًاۚ أَفَلَا تَتَذَكَّرُونَ,"Ага (каршы) эли каяша айта баштаганда, ал: “Мени менен Аллах тууралуу тартышып жатасыңарбы?! Ал мени туура жолго баштады! Мен силер (Аллахка) шерик кылып жаткан “кудайыңардан” коркпоймун! (Алар эч кандай пайда-зыян тийгизе албайт) Бир гана, Раббим каалаган нерсе болот. Менин Раббим бардык нерсени Өз илими менен ороп алган. (Ушулар жөнүндө) ойлонсоңор болбойбу?!” - деди.",
6,81,وَكَيۡفَ أَخَافُ مَآ أَشۡرَكۡتُمۡ وَلَا تَخَافُونَ أَنَّكُمۡ أَشۡرَكۡتُم بِٱللَّهِ مَا لَمۡ يُنَزِّلۡ بِهِۦ عَلَيۡكُمۡ سُلۡطَٰنٗاۚ فَأَيُّ ٱلۡفَرِيقَيۡنِ أَحَقُّ بِٱلۡأَمۡنِۖ إِن كُنتُمۡ تَعۡلَمُونَ,"Силер (анын кудай экенине Аллах) эч бир далил түшүрбөгөн нерселерди Аллахка шерик кылуудан коркпосоңор, мен силер (Аллахка) шерик кылган “кудайлардан” коркуп калмак белем?! Эгер билсеңер, айткылачы, кайсыл тарап бейпилдикке көбүрөөк акылуу (силерби же менби)?",
6,82,ٱلَّذِينَ ءَامَنُواْ وَلَمۡ يَلۡبِسُوٓاْ إِيمَٰنَهُم بِظُلۡمٍ أُوْلَٰٓئِكَ لَهُمُ ٱلۡأَمۡنُ وَهُم مُّهۡتَدُونَ,"(Жалгыз Раббиге) ыйман келтирип, ыймандарына зулумдук (ширк) аралаштырбаган адамдарга гана тынчтык-амандык болот жана ошолор - туура жолго түшкөндөр!",
6,83,وَتِلۡكَ حُجَّتُنَآ ءَاتَيۡنَٰهَآ إِبۡرَٰهِيمَ عَلَىٰ قَوۡمِهِۦۚ نَرۡفَعُ دَرَجَٰتٖ مَّن نَّشَآءُۗ إِنَّ رَبَّكَ حَكِيمٌ عَلِيمٞ,"(Мушрик болгон) коомунан жогору (келүү үчүн) Биз Ибрахимге берген далилдер – ушулар. Биз каалаган пендебиздин даражасын көтөрөбүз. Акыйкатта, сенин Раббиң Даанышман, Билүүчү.",
6,84,وَوَهَبۡنَا لَهُۥٓ إِسۡحَٰقَ وَيَعۡقُوبَۚ كُلًّا هَدَيۡنَاۚ وَنُوحًا هَدَيۡنَا مِن قَبۡلُۖ وَمِن ذُرِّيَّتِهِۦ دَاوُۥدَ وَسُلَيۡمَٰنَ وَأَيُّوبَ وَيُوسُفَ وَمُوسَىٰ وَهَٰرُونَۚ وَكَذَٰلِكَ نَجۡزِي ٱلۡمُحۡسِنِينَ,"Биз ага (Ибрахимге) Исхак менен (анын уулу) Яькубду[1] тартууладык. Биз ал экөөнү тең туура жолго баштаганбыз жана (алардан) мурун Биз Нухту туура жолго багыттадык. Дагы анын урпактарынан Даудду, Сулайманды, Айюбду, Юсуфту, Мусаны жана Харунду (туура жолго багыттаганбыз). Жакшылык кылуучу адамдарды Биз ушинтип сыйлайбыз.",[1] Яькубдун дагы бир аты - Исраил. Яхудилер ушул кишиден тараганы үчүн «Бану Исраил» – Исраил урпактары деп аталат.
6,85,وَزَكَرِيَّا وَيَحۡيَىٰ وَعِيسَىٰ وَإِلۡيَاسَۖ كُلّٞ مِّنَ ٱلصَّٰلِحِينَ,"Ошондой эле Закария, Яхия, Иса, Илясты (дагы туура жолго баштадык) бардыгы салих (жакшы, такыба) адамдардан эле.",
6,86,وَإِسۡمَٰعِيلَ وَٱلۡيَسَعَ وَيُونُسَ وَلُوطٗاۚ وَكُلّٗا فَضَّلۡنَا عَلَى ٱلۡعَٰلَمِينَ,"Ошондой эле Исмаил, Ал-Ясаь, Юнус, Лутту да (туура жолго багыттадык) жана баарын ааламдардан абзел-артыкча кылдык.",
6,87,وَمِنۡ ءَابَآئِهِمۡ وَذُرِّيَّٰتِهِمۡ وَإِخۡوَٰنِهِمۡۖ وَٱجۡتَبَيۡنَٰهُمۡ وَهَدَيۡنَٰهُمۡ إِلَىٰ صِرَٰطٖ مُّسۡتَقِيمٖ,"Алардын аталарын, урпактарын жана ага-инилерин да (башка элдердин арасынан) тандап алып, туура жолго баштадык.",
6,88,ذَٰلِكَ هُدَى ٱللَّهِ يَهۡدِي بِهِۦ مَن يَشَآءُ مِنۡ عِبَادِهِۦۚ وَلَوۡ أَشۡرَكُواْ لَحَبِطَ عَنۡهُم مَّا كَانُواْ يَعۡمَلُونَ,"Ушул - Аллахтын туура жолу. Пенделеринин арасынан Өзү каалаганын ушул жолго баштайт. Эгер алар Аллахка шерик кошчу болсо, (ким болгонуна карабай) кылган (жакшы) иштеринин баары текке кетет.",
6,89,أُوْلَٰٓئِكَ ٱلَّذِينَ ءَاتَيۡنَٰهُمُ ٱلۡكِتَٰبَ وَٱلۡحُكۡمَ وَٱلنُّبُوَّةَۚ فَإِن يَكۡفُرۡ بِهَا هَٰٓؤُلَآءِ فَقَدۡ وَكَّلۡنَا بِهَا قَوۡمٗا لَّيۡسُواْ بِهَا بِكَٰفِرِينَ,"Ошолор – Биз аларга Китепти, өкүмдү жана пайгамбарлыкты берген адамдар. Эгер алар (мушриктер аяттарга) каапыр болушса, Биз аны каапыр болбой турган башка адамдарга тапшырабыз.",
6,90,أُوْلَٰٓئِكَ ٱلَّذِينَ هَدَى ٱللَّهُۖ فَبِهُدَىٰهُمُ ٱقۡتَدِهۡۗ قُل لَّآ أَسۡـَٔلُكُمۡ عَلَيۡهِ أَجۡرًاۖ إِنۡ هُوَ إِلَّا ذِكۡرَىٰ لِلۡعَٰلَمِينَ,"Ошолор (жогоруда айтылгандар) Аллах туура жолго баштаган пайгамбарлар. (О, Мухаммад!) Сен ошолордун гана жолуна ээрчигин. (Коомуңа Аллахтын сөздөрүн окуп берип:) “Мен бул үчүн силерден акы сурабаймын. Бул ааламдар үчүн эскертүү” дегин.",
6,91,وَمَا قَدَرُواْ ٱللَّهَ حَقَّ قَدۡرِهِۦٓ إِذۡ قَالُواْ مَآ أَنزَلَ ٱللَّهُ عَلَىٰ بَشَرٖ مِّن شَيۡءٖۗ قُلۡ مَنۡ أَنزَلَ ٱلۡكِتَٰبَ ٱلَّذِي جَآءَ بِهِۦ مُوسَىٰ نُورٗا وَهُدٗى لِّلنَّاسِۖ تَجۡعَلُونَهُۥ قَرَاطِيسَ تُبۡدُونَهَا وَتُخۡفُونَ كَثِيرٗاۖ وَعُلِّمۡتُم مَّا لَمۡ تَعۡلَمُوٓاْ أَنتُمۡ وَلَآ ءَابَآؤُكُمۡۖ قُلِ ٱللَّهُۖ ثُمَّ ذَرۡهُمۡ فِي خَوۡضِهِمۡ يَلۡعَبُونَ,"Алар (Мекке мушриктери менен жөөттөр) Аллахка туура баа бере албай, бир кезде: “Аллах адамзатка эч нерсе түшүргөн жок” - дешти. Айткын: “Муса адамдарга туура жол, Нур болуусу үчүн алып келген, силер аны кагаздарга жазып алып, кээ бирин гана (элге) ашкере көргөзүп, көп бөлүгүн жашырып койгон жана силер да, ата-бабаңар да билбеген нерселерди силерге үйрөткөн Китепти (Тооратты) ким түшүрдү эле?!” Айткын: “Аллах (түшүргөн)!” Кийин аларды адашуусунда тереңдеп, ойноп-күлгөн абалында таштап кой!",
6,92,وَهَٰذَا كِتَٰبٌ أَنزَلۡنَٰهُ مُبَارَكٞ مُّصَدِّقُ ٱلَّذِي بَيۡنَ يَدَيۡهِ وَلِتُنذِرَ أُمَّ ٱلۡقُرَىٰ وَمَنۡ حَوۡلَهَاۚ وَٱلَّذِينَ يُؤۡمِنُونَ بِٱلۡأٓخِرَةِ يُؤۡمِنُونَ بِهِۦۖ وَهُمۡ عَلَىٰ صَلَاتِهِمۡ يُحَافِظُونَ,"Биз сага түшүргөн бул Китеп Ыйык-берекелүү. Өзүнөн мурунку китептерди тастыктоочу жана шаарлардын энеси (Мекке) менен анын тегерегинде[1] жашаган адамдарга насаат-эскертүүчү болуп (түшкөн). Акыретке ыйман келтирген адамдар, ага да ыйман келтиришет жана алар намаздарын сакташат (убактысында окушат).",[1] Мекке шаары жер жүзүнүн кургактык бөлүгүнүн чок ортосу. Дүйнөнүн бардык жери Меккенин тегереги болуп саналат.
6,93,وَمَنۡ أَظۡلَمُ مِمَّنِ ٱفۡتَرَىٰ عَلَى ٱللَّهِ كَذِبًا أَوۡ قَالَ أُوحِيَ إِلَيَّ وَلَمۡ يُوحَ إِلَيۡهِ شَيۡءٞ وَمَن قَالَ سَأُنزِلُ مِثۡلَ مَآ أَنزَلَ ٱللَّهُۗ وَلَوۡ تَرَىٰٓ إِذِ ٱلظَّٰلِمُونَ فِي غَمَرَٰتِ ٱلۡمَوۡتِ وَٱلۡمَلَٰٓئِكَةُ بَاسِطُوٓاْ أَيۡدِيهِمۡ أَخۡرِجُوٓاْ أَنفُسَكُمُۖ ٱلۡيَوۡمَ تُجۡزَوۡنَ عَذَابَ ٱلۡهُونِ بِمَا كُنتُمۡ تَقُولُونَ عَلَى ٱللَّهِ غَيۡرَ ٱلۡحَقِّ وَكُنتُمۡ عَنۡ ءَايَٰتِهِۦ تَسۡتَكۡبِرُونَ,"Өзүнө эч кандай аян-кабар келбесе деле, Аллах жөнүндө жалганды ойлоп таап: “Мага Аллахтан аян-кабар келди” жана “Мен деле Аллах түшүргөн сыяктуу Дин-Шарият түшүрө (түзө) аламын” деген адамдардан өткөн залым барбы?! Сен ошол залымдардын өлүм алдында жаткан учурун жана периштелер аларга колун созуп : “Жаныңарды чыгаргыла! Бүгүн силер Аллахтын аяттарынан текеберлене жүз үйрүп, Аллахтын атына жалган-жалааларды айтканыңар себептүү кордук азабы менен жазаланасыңар” дегенин бир көрсөң...",
6,94,وَلَقَدۡ جِئۡتُمُونَا فُرَٰدَىٰ كَمَا خَلَقۡنَٰكُمۡ أَوَّلَ مَرَّةٖ وَتَرَكۡتُم مَّا خَوَّلۡنَٰكُمۡ وَرَآءَ ظُهُورِكُمۡۖ وَمَا نَرَىٰ مَعَكُمۡ شُفَعَآءَكُمُ ٱلَّذِينَ زَعَمۡتُمۡ أَنَّهُمۡ فِيكُمۡ شُرَكَٰٓؤُاْۚ لَقَد تَّقَطَّعَ بَيۡنَكُمۡ وَضَلَّ عَنكُم مَّا كُنتُمۡ تَزۡعُمُونَ,"Бизге, биринчи жолу жаратканым сыяктуу, өзүңөр жалгыз келдиңер го. Биз берген (байлык, бийлик, дос, жардамчы ж.б.у.с.) нерселерди да артыңарга таштап келдиңер. Силер Аллахтын шериги деп эсептеген жардамчыңарды дагы көрбөй жатабыз?! Араңар үзүлдү, силер (пайда деп) ойлогон нерсеңер жок болду!",
6,95,۞ إِنَّ ٱللَّهَ فَالِقُ ٱلۡحَبِّ وَٱلنَّوَىٰۖ يُخۡرِجُ ٱلۡحَيَّ مِنَ ٱلۡمَيِّتِ وَمُخۡرِجُ ٱلۡمَيِّتِ مِنَ ٱلۡحَيِّۚ ذَٰلِكُمُ ٱللَّهُۖ فَأَنَّىٰ تُؤۡفَكُونَ,"Аллах данды да, данекти да жаруучу![1] Өлүктөн тирүүнү чыгарат жана тирүүдөн өлүктү чыгарат![2] (Ал) ушундай Аллах! Дагы (Ага ибадат кылбай) кайда кетип баратасыңар?!","[1] Бардык жемиштер, дарактар, өсүмдүктөр дан менен данектен чыгат. Аллах дан менен данекти жарбаганда бардык макулуктар ырыскысы жок калмак. Улуу кудуретине, Даанышмандыгына даңк! [2] Бир тамчы суу – спермадан, кыймылсыз каткан жумурткадан жан-жаныбарларды чыгарды, жашоо белгиси жок дан-данектен өсүмдүк-дарактарды чыгарды. Жана кайра эле жаныбар, өсүмдүктөрдөн кыймылсыз уруктарды, жансыз жумуртканы жана дан-данекти чыгарат."
6,96,فَالِقُ ٱلۡإِصۡبَاحِ وَجَعَلَ ٱلَّيۡلَ سَكَنٗا وَٱلشَّمۡسَ وَٱلۡقَمَرَ حُسۡبَانٗاۚ ذَٰلِكَ تَقۡدِيرُ ٱلۡعَزِيزِ ٱلۡعَلِيمِ,"(Ал түндү) жарып таңды чыгаруучу жана Ал түндү башпаанек, Күн менен Айды эсеп (убакытты билдирип туруучу нерселерден) кылды. Бул – Кудуретүү, Билүүчү Аллахтын тагдыры.",
6,97,وَهُوَ ٱلَّذِي جَعَلَ لَكُمُ ٱلنُّجُومَ لِتَهۡتَدُواْ بِهَا فِي ظُلُمَٰتِ ٱلۡبَرِّ وَٱلۡبَحۡرِۗ قَدۡ فَصَّلۡنَا ٱلۡأٓيَٰتِ لِقَوۡمٖ يَعۡلَمُونَ,"Ал жылдыздарды силер, аны менен деңиздердин жана кургактыктын караңгылыгында жол табууңар үчүн жараткан. Биз (Өз кудуретибизге далил болгон) белгилерди, билген адамдар үчүн (ушинтип) толук баян кылдык.",
6,98,وَهُوَ ٱلَّذِيٓ أَنشَأَكُم مِّن نَّفۡسٖ وَٰحِدَةٖ فَمُسۡتَقَرّٞ وَمُسۡتَوۡدَعٞۗ قَدۡ فَصَّلۡنَا ٱلۡأٓيَٰتِ لِقَوۡمٖ يَفۡقَهُونَ,Ал силердин жаратылууңарды бир гана жандан (Адам-Атадан) баштаган. (Бардык адамдар) түбөлүк жайда жана убактылуу орундарда (болушат).[1] Түшүнгөн адамдар үчүн Биз далилдерди толук баян кылдык.,"[1] Түбөлүк жай экөө: же бейиш же тозок болот. Ошол эки жайга келгенге чейин бардык адамдар бир нече убактылуу орундарда: биринчи атанын белинде, кийин эне жатынында, кийин ушул дүйнө жашоосунда, андан соң барзах (мүрзө) жашоосунда Аллах белгилеген мөөнөттө убактылуу болушат."
6,99,وَهُوَ ٱلَّذِيٓ أَنزَلَ مِنَ ٱلسَّمَآءِ مَآءٗ فَأَخۡرَجۡنَا بِهِۦ نَبَاتَ كُلِّ شَيۡءٖ فَأَخۡرَجۡنَا مِنۡهُ خَضِرٗا نُّخۡرِجُ مِنۡهُ حَبّٗا مُّتَرَاكِبٗا وَمِنَ ٱلنَّخۡلِ مِن طَلۡعِهَا قِنۡوَانٞ دَانِيَةٞ وَجَنَّٰتٖ مِّنۡ أَعۡنَابٖ وَٱلزَّيۡتُونَ وَٱلرُّمَّانَ مُشۡتَبِهٗا وَغَيۡرَ مُتَشَٰبِهٍۗ ٱنظُرُوٓاْ إِلَىٰ ثَمَرِهِۦٓ إِذَآ أَثۡمَرَ وَيَنۡعِهِۦٓۚ إِنَّ فِي ذَٰلِكُمۡ لَأٓيَٰتٖ لِّقَوۡمٖ يُؤۡمِنُونَ,"Ал асмандан (адамдар, айбандар жана өсүмдүктөр күткөн) сууну түшүрдү. Кийин Биз ал (суу) менен түрдүү өнүп-өскөн нерселерди чыгардык. Алардан көгөргөн өсүмдүктөрдү, алардан болсо, тизилген дандарды (машактарды) чыгарабыз. (Ошондой эле) курмадан - анын муун-бутактарынан (терип алуучулар үчүн) ийилген кош шиңгилдер (чыгарылат). (Биз) жүзүм бактары менен бирге зайтундан, анардан бири-бирине окшогон жана окшобогондорун чыгарабыз. (О, адамдар!) Силер алардын ар биринин түйгөн жана бышып жетилген мөмөлөрүнө карагыла. Албетте, бул байкооңордо ыймандуу адамдар үчүн (Аллахтын кудуретине) далилдер бар.",
6,100,وَجَعَلُواْ لِلَّهِ شُرَكَآءَ ٱلۡجِنَّ وَخَلَقَهُمۡۖ وَخَرَقُواْ لَهُۥ بَنِينَ وَبَنَٰتِۭ بِغَيۡرِ عِلۡمٖۚ سُبۡحَٰنَهُۥ وَتَعَٰلَىٰ عَمَّا يَصِفُونَ,"(Мушриктер) Аллахга жиндерди шерик кылышты. Чынында, бардыгын Аллах жараткан. Дагы алар илимсиздик менен Анын (Аллахтын) уул - кыздары бар деп жалаа жабышты. Аллах, алар сыпаттагандан Таза жана Бийик.[1]","[1] Араб мушриктеринин арасында жиндерди кудай кылып сыйынгандар болгон. Дагы башка мушриктер (христиандар) “Аллахтын уулу бар” деп, мушриктерден дагы бир тайпасы “периштелер Аллахтын кыздары” деп ишенишкен."
6,101,بَدِيعُ ٱلسَّمَٰوَٰتِ وَٱلۡأَرۡضِۖ أَنَّىٰ يَكُونُ لَهُۥ وَلَدٞ وَلَمۡ تَكُن لَّهُۥ صَٰحِبَةٞۖ وَخَلَقَ كُلَّ شَيۡءٖۖ وَهُوَ بِكُلِّ شَيۡءٍ عَلِيمٞ,"(Ал) Асмандарды жана жерди жоктон бар кылган. Анын аялы жок болсо, баласы кайдан болсун?! Ал бардыгын Өзү жараткан жана Ал бардык нерселерди Билүүчү.[1]","[1] Аллах - Сомад. “Сомад” сөзүнүн мааниси бардык нерседен, ошонун арасында аял, бала-чакадан да беймуктаж. Бүт аалам жеке Өзүнүн мүлкү болсо, каалаган нерсеси “бол!” деген бир гана сөзү менен болуп турса, аял, бала, шерик дегендердин эмне зарылдыгы бар Ага?! Анын аялы жок, аялы болбогондун баласы да болбойт."
6,102,ذَٰلِكُمُ ٱللَّهُ رَبُّكُمۡۖ لَآ إِلَٰهَ إِلَّا هُوَۖ خَٰلِقُ كُلِّ شَيۡءٖ فَٱعۡبُدُوهُۚ وَهُوَ عَلَىٰ كُلِّ شَيۡءٖ وَكِيلٞ,"Ушул Аллах - силердин Раббиңер![1] Ибадат кылууга татыктуу эч бир кудай жок, Анын Өзү бар. Ал ар бир нерсенин жаратуучусу. Эми, Ага гана ибадат кылгыла! Ал бардык нерселердин Башкаруучусу.","[1] Рабби же Парбардигер - бул бардык ааламдарды башкарып, бардык макулуктарга нээмат берип, тарбиялап, аларды бардык жамандыктардан сактап-коргоп турган Аллах."
6,103,لَّا تُدۡرِكُهُ ٱلۡأَبۡصَٰرُ وَهُوَ يُدۡرِكُ ٱلۡأَبۡصَٰرَۖ وَهُوَ ٱللَّطِيفُ ٱلۡخَبِيرُ,Көздөр аны камтый албайт. Ал көздөрдү камтыйт.[1] Ал – Латиф[2] (жана) Кабардар,"[1] Ыймандуу пенделер Акыретте Аллах тааланы көрүшөт. Бирок, каректерине камтып, толук көрө албайт. Аллах бардык нерсени камтый алат. Бирок, эч ким Аллахты камтый албайт. Бейиштегилер Анын Жүзүн көрүү менен чексиз ырахат - лаззат туюшат. Кээ бир тафсирчилер бул аятты “көздөр Аны көрө албайт” деп туура эмес которушат. Бул “ыймандуулар Акыретте Раббисин өз көздөрү менен көрөт” деген Ислам акидасына (ишенимине) каршы болуп калат. [2] “Латиф” Аллах тааланын 99 ысымынын бири. Бул көп маанилүү сөз болуп, эң белгилүү маанилери “Көрөгөч”, “Байкагыч”, “(пейили) Жумшак”. Демек “Латиф” дегендин мааниси “Анын илими, кабардарлыгы өтө назик түрдө өтүүчү, ал бардык сырларды, катылган ойлорду Билүүчү жана пендесине өтө назиктик менен, билдирбей туруп нээмат берүүчү” дегенди түшүндүрөт."
6,104,قَدۡ جَآءَكُم بَصَآئِرُ مِن رَّبِّكُمۡۖ فَمَنۡ أَبۡصَرَ فَلِنَفۡسِهِۦۖ وَمَنۡ عَمِيَ فَعَلَيۡهَاۚ وَمَآ أَنَا۠ عَلَيۡكُم بِحَفِيظٖ,"(О, Мухаммад, адамдарга айт:) «Силерге Раббиңер тарабынан анык далилдер келди. Ким аларды көрсө - өзүнө пайда. Ким сокур болуп алса - өзүнө зыян! Мен силердин үстүңөрдө кароол эмесмин».",
6,105,وَكَذَٰلِكَ نُصَرِّفُ ٱلۡأٓيَٰتِ وَلِيَقُولُواْ دَرَسۡتَ وَلِنُبَيِّنَهُۥ لِقَوۡمٖ يَعۡلَمُونَ,"Ошентип, (о, Мухаммад, сага каапырлар “Куранды бирөөлөрдөн) үйрөнгөнсүң” деп айтуулары үчүн жана аны билген (түшүнгөн) адамдарга баян кылып беришибиз үчүн аяттарыбызды ар түрдүү таризде тизмектеп бердик.",
6,106,ٱتَّبِعۡ مَآ أُوحِيَ إِلَيۡكَ مِن رَّبِّكَۖ لَآ إِلَٰهَ إِلَّا هُوَۖ وَأَعۡرِضۡ عَنِ ٱلۡمُشۡرِكِينَ,"Өзүңө Раббиң тарабынан аян-кабар кылынган нерселерди гана ээрчигин. Ибадат кылууга татыктуу эч бир кудай жок, жалгыз Ал гана бар. Сен мушриктерден жүз бур!",
6,107,وَلَوۡ شَآءَ ٱللَّهُ مَآ أَشۡرَكُواْۗ وَمَا جَعَلۡنَٰكَ عَلَيۡهِمۡ حَفِيظٗاۖ وَمَآ أَنتَ عَلَيۡهِم بِوَكِيلٖ,"Эгер Аллах каалаганда, алар ширк келтиришпейт эле.[1] Биз сени аларга кароолчу кылбадык жана сен аларга өкүл (жоопкер) да эмессиң.","[1] Аллах кааласа, аларды ыйманга салып коюу оңой. Бирок, өздөрү тарабынан ыктыяр болбогон соң Аллах деле алардын ыйманга келүүсүн каалабады."
6,108,وَلَا تَسُبُّواْ ٱلَّذِينَ يَدۡعُونَ مِن دُونِ ٱللَّهِ فَيَسُبُّواْ ٱللَّهَ عَدۡوَۢا بِغَيۡرِ عِلۡمٖۗ كَذَٰلِكَ زَيَّنَّا لِكُلِّ أُمَّةٍ عَمَلَهُمۡ ثُمَّ إِلَىٰ رَبِّهِم مَّرۡجِعُهُمۡ فَيُنَبِّئُهُم بِمَا كَانُواْ يَعۡمَلُونَ,"(О, ыймандуулар!) Аллахтан башкага дуба (ибадат) кылгандарды(н “кудайларын”) акаарат кылбагыла. Антсеңер, алар дагы душмандык кылып, илимсиздик менен Аллахты сөгүшөт. Биз бардык элдерге өз амалдарын кооз көргөзүп койдук. Кийин, бардыгынын кайтаар жери – Раббисине. Анан Ал (бардыгына бул дүйнөдө) жасаган иштеринин кабарын берет.",
6,109,وَأَقۡسَمُواْ بِٱللَّهِ جَهۡدَ أَيۡمَٰنِهِمۡ لَئِن جَآءَتۡهُمۡ ءَايَةٞ لَّيُؤۡمِنُنَّ بِهَاۚ قُلۡ إِنَّمَا ٱلۡأٓيَٰتُ عِندَ ٱللَّهِۖ وَمَا يُشۡعِرُكُمۡ أَنَّهَآ إِذَا جَآءَتۡ لَا يُؤۡمِنُونَ,"(Мушриктер) эгер аларга бир мужиза келсе, ага сөзсүз ыйман келтирүүлөрү жөнүндө жан үрөп Аллахтын аты менен ант ичишет. Айткын: “Мужизалар Аллахтын алдында”. Силерге эмне билдирди?! Чынында, мужиза келсе да алар ыйман келтиришпейт!",
6,110,وَنُقَلِّبُ أَفۡـِٔدَتَهُمۡ وَأَبۡصَٰرَهُمۡ كَمَا لَمۡ يُؤۡمِنُواْ بِهِۦٓ أَوَّلَ مَرَّةٖ وَنَذَرُهُمۡ فِي طُغۡيَٰنِهِمۡ يَعۡمَهُونَ,(Аларга) биринчи ирет (сунушталганда) ыйманга келбегендери сыяктуу Биз алардын көздөрүн жана жүрөктөрүн оодарып койобуз жана аларды адашуучулугунда тентиген абалда таштап коёбуз.,
6,111,۞ وَلَوۡ أَنَّنَا نَزَّلۡنَآ إِلَيۡهِمُ ٱلۡمَلَٰٓئِكَةَ وَكَلَّمَهُمُ ٱلۡمَوۡتَىٰ وَحَشَرۡنَا عَلَيۡهِمۡ كُلَّ شَيۡءٖ قُبُلٗا مَّا كَانُواْ لِيُؤۡمِنُوٓاْ إِلَّآ أَن يَشَآءَ ٱللَّهُ وَلَٰكِنَّ أَكۡثَرَهُمۡ يَجۡهَلُونَ,"Эгер биз аларга (пайгамбарга жолуккан) периштелерди түшүрсөк да, эгер аларга (Мухаммад алып келген нерсенин чындыгын) өлүктөр (тирилип) айтып берсе да, (мужизанын) баарын аларга тобу менен алып келсек да ыйман келтиришпейт. Аллах кааласа гана ыйман келтиришет. Бирок, алардын көпчүлүгү наадан адамдар.",
6,112,وَكَذَٰلِكَ جَعَلۡنَا لِكُلِّ نَبِيٍّ عَدُوّٗا شَيَٰطِينَ ٱلۡإِنسِ وَٱلۡجِنِّ يُوحِي بَعۡضُهُمۡ إِلَىٰ بَعۡضٖ زُخۡرُفَ ٱلۡقَوۡلِ غُرُورٗاۚ وَلَوۡ شَآءَ رَبُّكَ مَا فَعَلُوهُۖ فَذَرۡهُمۡ وَمَا يَفۡتَرُونَ,"Ошондой эле, Биз ар бир пайгамбарга адам жана жинден болгон шайтандарды душман кылып койдук. Алар алдоо үчүн бир-бирине (жалган) бал сөздөрдү шыбырашышат. Эгер, Раббиң кааласа андай кылмак эмес. Эми, аларды жалгандан чыгарган жалаалары менен (бирге) таштап сал,",
6,113,وَلِتَصۡغَىٰٓ إِلَيۡهِ أَفۡـِٔدَةُ ٱلَّذِينَ لَا يُؤۡمِنُونَ بِٱلۡأٓخِرَةِ وَلِيَرۡضَوۡهُ وَلِيَقۡتَرِفُواْ مَا هُم مُّقۡتَرِفُونَ,"Ал сөздөргө Акыретке ыйман келтирбеген адамдардын жүрөктөрү муюп, ыраазы болуп, билген (арам) иштерин жасап жүрө берүүсү үчүн!",
6,114,أَفَغَيۡرَ ٱللَّهِ أَبۡتَغِي حَكَمٗا وَهُوَ ٱلَّذِيٓ أَنزَلَ إِلَيۡكُمُ ٱلۡكِتَٰبَ مُفَصَّلٗاۚ وَٱلَّذِينَ ءَاتَيۡنَٰهُمُ ٱلۡكِتَٰبَ يَعۡلَمُونَ أَنَّهُۥ مُنَزَّلٞ مِّن رَّبِّكَ بِٱلۡحَقِّۖ فَلَا تَكُونَنَّ مِنَ ٱلۡمُمۡتَرِينَ,"(Айткын): «Аллахтан башканы өкүмдар кылып алайынбы?! Ал силерге Китепти, (бардык адал-арамды) толук (баяндоочу) кылып түшүрдү». Биз Китеп берген элдер (яхудилер менен христиандар) Курандын Раббиң тарабынан Акыйкат менен түшүрүлгөнүн билишет. (Сен буга) шектенүүчүлөрдөн болбо!",
6,115,وَتَمَّتۡ كَلِمَتُ رَبِّكَ صِدۡقٗا وَعَدۡلٗاۚ لَّا مُبَدِّلَ لِكَلِمَٰتِهِۦۚ وَهُوَ ٱلسَّمِيعُ ٱلۡعَلِيمُ,"Раббиңдин Сөздөрү бардык чындык – адилетти (баяндап) бүтүргөн. Анын Сөздөрүн өзгөртүүчү жок. Ал – Угуучу, Билүүчү.",
6,116,وَإِن تُطِعۡ أَكۡثَرَ مَن فِي ٱلۡأَرۡضِ يُضِلُّوكَ عَن سَبِيلِ ٱللَّهِۚ إِن يَتَّبِعُونَ إِلَّا ٱلظَّنَّ وَإِنۡ هُمۡ إِلَّا يَخۡرُصُونَ,"Эгер сен жер бетиндегилердин көпчүлүгүнө моюн сунсаң, сени Аллахтын жолунан адаштырып салышат. (Анткени,) Алар күмөнгө гана ээрчишет жана жалгандарды ойлоп табышат.[1]","[1] Албетте, жер бетинде туура жол тапкандардан адашкандар, Аллах жолунда жүргөндөрдөн напси-каалоосунун жолуна жүргөндөр көп. Алардын диндери да илимдери да жалаң божомолдорго негизделген. Алар Аллах, аалам жана адам жөнүндө ойлоп тапкан кыялдарынан башка “чындыкты” айта алышпайт."
6,117,إِنَّ رَبَّكَ هُوَ أَعۡلَمُ مَن يَضِلُّ عَن سَبِيلِهِۦۖ وَهُوَ أَعۡلَمُ بِٱلۡمُهۡتَدِينَ,"Албетте, сенин Раббиң, Өзүнө алып барчу жолдон адашып кеткендерди эң жакшы билет жана туура жол тапкандарды да эң жакшы билет.",
6,118,فَكُلُواْ مِمَّا ذُكِرَ ٱسۡمُ ٱللَّهِ عَلَيۡهِ إِن كُنتُم بِـَٔايَٰتِهِۦ مُؤۡمِنِينَ,"(О, ыймандуулар!) Эгер Аллахтын аяттарына ыйман келтирген болсоңор, Аллахтын ысымы айтылган нерселерден гана жегиле.",
6,119,وَمَا لَكُمۡ أَلَّا تَأۡكُلُواْ مِمَّا ذُكِرَ ٱسۡمُ ٱللَّهِ عَلَيۡهِ وَقَدۡ فَصَّلَ لَكُم مَّا حَرَّمَ عَلَيۡكُمۡ إِلَّا مَا ٱضۡطُرِرۡتُمۡ إِلَيۡهِۗ وَإِنَّ كَثِيرٗا لَّيُضِلُّونَ بِأَهۡوَآئِهِم بِغَيۡرِ عِلۡمٍۚ إِنَّ رَبَّكَ هُوَ أَعۡلَمُ بِٱلۡمُعۡتَدِينَ,"Силерге эмне болду, Аллахтын ысымы айтылган нерселерден жебей жатасыңар?! Аллах силерге арам болгон нерселерди толук баяндап берди го! Бир гана аргасыз калганыңарда (жан сактоо үчүн жесеңер – уруксат). Албетте, көпчүлүк адамдар билбестиктен улам, өз каалоолорун ээрчип, адашып кетишүүдө. Раббиң чектен чыгуучуларды жакшы билет.",
6,120,وَذَرُواْ ظَٰهِرَ ٱلۡإِثۡمِ وَبَاطِنَهُۥٓۚ إِنَّ ٱلَّذِينَ يَكۡسِبُونَ ٱلۡإِثۡمَ سَيُجۡزَوۡنَ بِمَا كَانُواْ يَقۡتَرِفُونَ,"Күнөөлөрдүн көрүнгөнүн да, көмүскөсүн да таштагыла! (Кандай болбосун) күнөө иш жасаган адамдар кылмыштарына жараша жакында жазаларын алышат.",
6,121,وَلَا تَأۡكُلُواْ مِمَّا لَمۡ يُذۡكَرِ ٱسۡمُ ٱللَّهِ عَلَيۡهِ وَإِنَّهُۥ لَفِسۡقٞۗ وَإِنَّ ٱلشَّيَٰطِينَ لَيُوحُونَ إِلَىٰٓ أَوۡلِيَآئِهِمۡ لِيُجَٰدِلُوكُمۡۖ وَإِنۡ أَطَعۡتُمُوهُمۡ إِنَّكُمۡ لَمُشۡرِكُونَ,"Аллахтын ысымы эскерилбеген нерселерден жебегиле! (Анткени,) Ал – анык бузукулук! Албетте, шайтандар өздөрүнүн досторуна (мушриктерге) силер менен талашып-тартышууну илхам кылышат. Эгер аларга моюн сунсаңар, силер дагы мушриксиңер![1]","[1] Аллах тааланын «Союлгандан башкасы – арам» деген өкүмү түшкөн кезде мушриктер өзү өлүп калган жандыктын этин адал санап жешчү. Өкүм түшкөндөн кийин мусулмандар өлүмтүктүн (тарптын) этин арам деп эсептеп калганда мушриктер алар менен: «Эмне үчүн силер өзүңөр өлтүргөндүн этин жеп, Аллах өлтүргөндүн этин жебейсиңер?» деп талаша баштады. Бул аят ошол окуяга байланыштуу түшкөн."
6,122,أَوَمَن كَانَ مَيۡتٗا فَأَحۡيَيۡنَٰهُ وَجَعَلۡنَا لَهُۥ نُورٗا يَمۡشِي بِهِۦ فِي ٱلنَّاسِ كَمَن مَّثَلُهُۥ فِي ٱلظُّلُمَٰتِ لَيۡسَ بِخَارِجٖ مِّنۡهَاۚ كَذَٰلِكَ زُيِّنَ لِلۡكَٰفِرِينَ مَا كَانُواْ يَعۡمَلُونَ,"Жаны жок кезде Биз ага жан берип, адамдар арасында аны менен (жолун жарытып) жүрө турган нурду колуна карматып койгон адам караңгылыктан чыкпай жүргөн адамга окшомок беле?[1] Ушул сыяктуу, каапырларга өздөрүнүн жасап жаткан иштери (шайтандар тарабынан) кооз көргөзүлүп коюлган.","[1] Каапырлык – жансыз дене сыяктуу, ыйман - бул Нур. Ыйманга кирген адам мурда өлүк болуп, кийин тирилтип, колуна Куран нурун кармап жүргөн адамга окшойт. Куран ага адал менен арамды, жакшы менен жаманды, акыйкат менен жалганды, ак менен караны ажыратып берет. Ыйманга кирбегендер караңгыда (арам-адалды ажырата албай) калган адамга окшойт."
6,123,وَكَذَٰلِكَ جَعَلۡنَا فِي كُلِّ قَرۡيَةٍ أَكَٰبِرَ مُجۡرِمِيهَا لِيَمۡكُرُواْ فِيهَاۖ وَمَا يَمۡكُرُونَ إِلَّا بِأَنفُسِهِمۡ وَمَا يَشۡعُرُونَ,"Ошентип, Биз ар бир айыл-шаарга, ошол жерде (динге каршы) айла-амал кылуусу үчүн, күнөөкөр чоңдорун койдук. Алар амалкөйлүк кылышат, бирок сезбеген абалда өздөрүн-өздөрү алдашат.[1]","[1] Ар бир жерде, жасаган күнөөлөрүн шайтан өзүнө кооз көргөзгөнү себептүү, динге каршы же ашкере, же тымызын айла-амал менен иштеп жаткан чоңдордун бар экени анык. Бирок, алар түзгөн айлакерликтери менен өздөрүн алдап жатканын жана Аллах алардан амалдуураак экенин билишпейт. Аллах Өз дининин эч качан жеңилбестигинин амалын түзүп койгон."
6,124,وَإِذَا جَآءَتۡهُمۡ ءَايَةٞ قَالُواْ لَن نُّؤۡمِنَ حَتَّىٰ نُؤۡتَىٰ مِثۡلَ مَآ أُوتِيَ رُسُلُ ٱللَّهِۘ ٱللَّهُ أَعۡلَمُ حَيۡثُ يَجۡعَلُ رِسَالَتَهُۥۗ سَيُصِيبُ ٱلَّذِينَ أَجۡرَمُواْ صَغَارٌ عِندَ ٱللَّهِ وَعَذَابٞ شَدِيدُۢ بِمَا كَانُواْ يَمۡكُرُونَ,"Эгер аларга (Ислам чындыгына) далил келчү болсо (текеберленишип): “Аллахтын пайгамбарларына берилген нерсе (пайгамбарлык) бизге да берилмейинче ыйман келтирбейбиз” - дешет. Аллах Өз пайгамбарлыгын кимге берүүнү жакшы билет. Күнөөкөр адамдар болсо, Аллахтын алдында, (динге каршы) айлакерликтери үчүн кор кылуучу, катуу азапка дуушар болушат.",
6,125,فَمَن يُرِدِ ٱللَّهُ أَن يَهۡدِيَهُۥ يَشۡرَحۡ صَدۡرَهُۥ لِلۡإِسۡلَٰمِۖ وَمَن يُرِدۡ أَن يُضِلَّهُۥ يَجۡعَلۡ صَدۡرَهُۥ ضَيِّقًا حَرَجٗا كَأَنَّمَا يَصَّعَّدُ فِي ٱلسَّمَآءِۚ كَذَٰلِكَ يَجۡعَلُ ٱللَّهُ ٱلرِّجۡسَ عَلَى ٱلَّذِينَ لَا يُؤۡمِنُونَ,"Аллах кимди туура жолго баштоону кааласа, анын көкүрөгүн Исламга ачып койот. Ал эми, кимди адаштырууну кааласа, анын көкүрөгүн, асманга көтөрүлүп бараткан сыяктуу тар кылып койот. Аллах ыйман келтирбегендерди мына ушинтип жазалайт.",
6,126,وَهَٰذَا صِرَٰطُ رَبِّكَ مُسۡتَقِيمٗاۗ قَدۡ فَصَّلۡنَا ٱلۡأٓيَٰتِ لِقَوۡمٖ يَذَّكَّرُونَ,Мына ушул (айтылгандар) Раббиңдин туура жолу. Биз (Аллахты) эстеген адамдар үчүн аяттарды толук баяндап бердик.,
6,127,۞ لَهُمۡ دَارُ ٱلسَّلَٰمِ عِندَ رَبِّهِمۡۖ وَهُوَ وَلِيُّهُم بِمَا كَانُواْ يَعۡمَلُونَ,Ошол (Аллахты эстеген) адамдарга Раббисинин алдында тынчтык үйү (бейиш) бар. Жасаган (жакшы) иштери үчүн (бейиште) аларга Аллах камкордук кылат.,
6,128,وَيَوۡمَ يَحۡشُرُهُمۡ جَمِيعٗا يَٰمَعۡشَرَ ٱلۡجِنِّ قَدِ ٱسۡتَكۡثَرۡتُم مِّنَ ٱلۡإِنسِۖ وَقَالَ أَوۡلِيَآؤُهُم مِّنَ ٱلۡإِنسِ رَبَّنَا ٱسۡتَمۡتَعَ بَعۡضُنَا بِبَعۡضٖ وَبَلَغۡنَآ أَجَلَنَا ٱلَّذِيٓ أَجَّلۡتَ لَنَاۚ قَالَ ٱلنَّارُ مَثۡوَىٰكُمۡ خَٰلِدِينَ فِيهَآ إِلَّا مَا شَآءَ ٱللَّهُۚ إِنَّ رَبَّكَ حَكِيمٌ عَلِيمٞ,"Алардын баарын чогулта турган Күндө (Аллах) «О, жиндердин жамааты! Инсандардан (азгырганыңарды) көбөйтүп жибердиңер!» (дейт). Анан жиндердин (азгырыгына кабылган) инсандардан болгон достору (күнөөсүн мойнуна алып): “О, Раббибиз! Биз бири-бирибизден пайдаланган болчубуз. Эми, Өзүң бизге белгилеп койгон убакытыбызга (Кыямат сурагына) келдик” дешет. «Жайыңар тозок! - дейт (Аллах). Анда түбөлүк каласыңар! Аллах каалагандар гана (чыгарылат)» Чынында, сенин Раббиң Даанышман, Билүүчү.[1]","[1] Жин менен инсан өз ара мамилеге (транска) кирсе, бири-биринен пайдаланат. Жиндер наадан инсандын өздөрүнөн жардам сураганына, сыйынганына корстон. Азгырылган инсан болсо, жиндерди өзүнүн дүйнөлүк пайдасына иштеткенине ыраазы. Ошентип, эки каапыр жыныс тең өмүр деген мөөнөт бүтүп, кечирилгис күнөөлөрдү желкесине артып, Аллахтын алдында сурак берүү убактысына жетип келгендерин билбей калышат. Баса, көпчүлүк «көзү ачыктар» өздөрүнө шыбыраган жиндерди түшүнүгү жок элдерге «рухтар», «ыйыктар», «бабалар», «периштелер» деп тааныштырышат."
6,129,وَكَذَٰلِكَ نُوَلِّي بَعۡضَ ٱلظَّٰلِمِينَ بَعۡضَۢا بِمَا كَانُواْ يَكۡسِبُونَ,"Ошентип, биз, жасаган кылмыштары(нын окшоштугу)на карап, залымдарды бири-бирине дос-башчы кылып койобуз.",
6,130,يَٰمَعۡشَرَ ٱلۡجِنِّ وَٱلۡإِنسِ أَلَمۡ يَأۡتِكُمۡ رُسُلٞ مِّنكُمۡ يَقُصُّونَ عَلَيۡكُمۡ ءَايَٰتِي وَيُنذِرُونَكُمۡ لِقَآءَ يَوۡمِكُمۡ هَٰذَاۚ قَالُواْ شَهِدۡنَا عَلَىٰٓ أَنفُسِنَاۖ وَغَرَّتۡهُمُ ٱلۡحَيَوٰةُ ٱلدُّنۡيَا وَشَهِدُواْ عَلَىٰٓ أَنفُسِهِمۡ أَنَّهُمۡ كَانُواْ كَٰفِرِينَ,"О, жиндер жана инсандардын (каапыр) жамааты! Силерге өзүңөрдүн араңардан (Биздин) элчилер келип, Менин аяттарымды окуп берип, ушул күнүңөрдөгү жолугушуу жөнүндө силерди эскертпеди беле?! Алар: “Өзүбүзгө каршы күбө болдук!” дешет. Аларды дүйнө жашоосу(нун арам кооздуктары) алдап койгон эле. Мына эми, өздөрүнүн каапыр болгонуна өздөрү күбө болушту.",
6,131,ذَٰلِكَ أَن لَّمۡ يَكُن رَّبُّكَ مُهۡلِكَ ٱلۡقُرَىٰ بِظُلۡمٖ وَأَهۡلُهَا غَٰفِلُونَ,"Мунун себеби: Сенин Раббиң эч бир шаарды, элдерин эскертпей туруп, адилетсиздик менен азапка дуушар кылбайт.",
6,132,وَلِكُلّٖ دَرَجَٰتٞ مِّمَّا عَمِلُواْۚ وَمَا رَبُّكَ بِغَٰفِلٍ عَمَّا يَعۡمَلُونَ,Ар бир адамга өзүнүн иштерине жараша даражалар бар. Сенин Раббиң алардын (пенделердин) иштеринен бейкапар эмес.,
6,133,وَرَبُّكَ ٱلۡغَنِيُّ ذُو ٱلرَّحۡمَةِۚ إِن يَشَأۡ يُذۡهِبۡكُمۡ وَيَسۡتَخۡلِفۡ مِنۢ بَعۡدِكُم مَّا يَشَآءُ كَمَآ أَنشَأَكُم مِّن ذُرِّيَّةِ قَوۡمٍ ءَاخَرِينَ,"Сенин Раббиң Ырайымдуу, Беймуктаж. Эгер Аллах кааласа силерди башка коомдун тукумунан (алардын ордуна) өндүрүп чыгарганы сыяктуу, силерди да кетирип, артыңардан Өзү каалаган (башка) коомду алып келип койот.[1]","[1] Бул дүйнө келип-кетүүчү мейманкана сыяктуу. Кечээкилер бүгүн жок, бүгүнкүлөр эртең болбойт. Демек, бул убактылуу дүйнө жыргалдарын жашоонун негизги максаты кылып алгандар адашат. Акырет жашоосу үчүн пайда алып келчү иштерге умтулуу зарыл."
6,134,إِنَّ مَا تُوعَدُونَ لَأٓتٖۖ وَمَآ أَنتُم بِمُعۡجِزِينَ,Силерге убада кылынган нерсе (Кыямат) албетте келет жана силер Аллахты алсыз кыла албайсыңар! (Ал белгилеген жазадан качып кете албайсыңар.),
6,135,قُلۡ يَٰقَوۡمِ ٱعۡمَلُواْ عَلَىٰ مَكَانَتِكُمۡ إِنِّي عَامِلٞۖ فَسَوۡفَ تَعۡلَمُونَ مَن تَكُونُ لَهُۥ عَٰقِبَةُ ٱلدَّارِۚ إِنَّهُۥ لَا يُفۡلِحُ ٱلظَّٰلِمُونَ,"Айт: “Эй, коомум! Ушул турушуңарда (билген) ишиңерди жасай бергиле. Мен да (Аллахтын буйруктарын) аткара берем. Кийин, Акырет үйүндөгү (жакшы) акыбет кимдин пайдасына болушун жакында билип аласыңар. Чынында, залымдар жеңишке жетпейт.",
6,136,وَجَعَلُواْ لِلَّهِ مِمَّا ذَرَأَ مِنَ ٱلۡحَرۡثِ وَٱلۡأَنۡعَٰمِ نَصِيبٗا فَقَالُواْ هَٰذَا لِلَّهِ بِزَعۡمِهِمۡ وَهَٰذَا لِشُرَكَآئِنَاۖ فَمَا كَانَ لِشُرَكَآئِهِمۡ فَلَا يَصِلُ إِلَى ٱللَّهِۖ وَمَا كَانَ لِلَّهِ فَهُوَ يَصِلُ إِلَىٰ شُرَكَآئِهِمۡۗ سَآءَ مَا يَحۡكُمُونَ,"(Мушриктер) Аллах жараткан эгиндерден жана мал-жандыктардан Аллахка үлүш ажыратып, күмөндөрү боюнча: “Бул – Аллахка, мунусу (Аллахтан башка) кудайларыбызга” - дешти. “Кудайларына” ажыратылган нерселер Аллахка (ажыратылган үлүшкө) кошулбай, ал эми, Аллахка ажыратылган нерселер “кудайларына” (ажыратылган үлүшкө) кошула берет. (Бул) өкүмдөрү кандай жаман!",
6,137,وَكَذَٰلِكَ زَيَّنَ لِكَثِيرٖ مِّنَ ٱلۡمُشۡرِكِينَ قَتۡلَ أَوۡلَٰدِهِمۡ شُرَكَآؤُهُمۡ لِيُرۡدُوهُمۡ وَلِيَلۡبِسُواْ عَلَيۡهِمۡ دِينَهُمۡۖ وَلَوۡ شَآءَ ٱللَّهُ مَا فَعَلُوهُۖ فَذَرۡهُمۡ وَمَا يَفۡتَرُونَ,"Ошондой эле, көпчүлүк мушриктерге (уруу башчыларынан жана шайтандардан болгон) “кудайлары” аларды жок кылуу жана диндерин башаламан (түшүнүксүз) кылып таштоо үчүн өз (ымыркай) балдарын өлтүрүүнү кооздоп көргөздү. Жана эгер, Аллах каалаганда (бул иштерин) жасашпайт болчу. (О, Мухаммад), аларды өздөрү ойлоп чыгарган жөрөлгөлөрү менен жөн кой![1]","[1] Ушуга чейин Мухаммад саллаллоху алайхи ва саллам бул мыкаачыларга көп насаат айткан эле. Эми, Аллах аларды, туура жолдон жүз үйрүгөнү себептүү, өз акмак иштери менен өмүр өткөрүп, акыбет-натыйжада тозокко отун болуусун каалады."
6,138,وَقَالُواْ هَٰذِهِۦٓ أَنۡعَٰمٞ وَحَرۡثٌ حِجۡرٞ لَّا يَطۡعَمُهَآ إِلَّا مَن نَّشَآءُ بِزَعۡمِهِمۡ وَأَنۡعَٰمٌ حُرِّمَتۡ ظُهُورُهَا وَأَنۡعَٰمٞ لَّا يَذۡكُرُونَ ٱسۡمَ ٱللَّهِ عَلَيۡهَا ٱفۡتِرَآءً عَلَيۡهِۚ سَيَجۡزِيهِم بِمَا كَانُواْ يَفۡتَرُونَ,Дагы алар (Аллахка жалаа жаап): “Мына бул жандыктар менен эгиндер - арам. Аларды биз каалагандан башка адамдар жебейт. Жана (мына бул) жаныбарлардын үстү(нө жүк жүктөө жана минүү) - арам. Ал эми (мына бул) жаныбарларга (аларды мууздап жатканда) Аллахтын атын айтууга болбойт” - дешти. (Бул сөздөрү) Аллахка жалаа! Аллах аларга жакында жалаа жапкандарына жараша жаза берет.,
6,139,وَقَالُواْ مَا فِي بُطُونِ هَٰذِهِ ٱلۡأَنۡعَٰمِ خَالِصَةٞ لِّذُكُورِنَا وَمُحَرَّمٌ عَلَىٰٓ أَزۡوَٰجِنَاۖ وَإِن يَكُن مَّيۡتَةٗ فَهُمۡ فِيهِ شُرَكَآءُۚ سَيَجۡزِيهِمۡ وَصۡفَهُمۡۚ إِنَّهُۥ حَكِيمٌ عَلِيمٞ,"Дагы алар: “Мына бул жаныбарлардын курсагындагы (баласы) эркектерибизге - адал, аялдарыбызга - арам. Эгер өлүк (туулган) болсо, анда аял-эркеги шерик болушат (экөө тең жей берет)” - дешти. Аллах аларды (Өзү адал кылганды “арам” деп, арам кылганын “адал” деп) сыпаттагандары үчүн жакын арада жазалайт. Ал Даанышман, Билүүчү.",
6,140,قَدۡ خَسِرَ ٱلَّذِينَ قَتَلُوٓاْ أَوۡلَٰدَهُمۡ سَفَهَۢا بِغَيۡرِ عِلۡمٖ وَحَرَّمُواْ مَا رَزَقَهُمُ ٱللَّهُ ٱفۡتِرَآءً عَلَى ٱللَّهِۚ قَدۡ ضَلُّواْ وَمَا كَانُواْ مُهۡتَدِينَ,"Илимисиздик жана кем акылдык менен балдарын өлтүрүп, өздөрүнө Аллах ырыскы кылып берген нерселерди Аллахка жалаа жабуу менен арамга чыгаргандар (өздөрүнө) зыян кылышты. Алар таптакыр адашып кетишти жана туура жолго түшүүчүлөрдөн болушпады.",
6,141,۞ وَهُوَ ٱلَّذِيٓ أَنشَأَ جَنَّٰتٖ مَّعۡرُوشَٰتٖ وَغَيۡرَ مَعۡرُوشَٰتٖ وَٱلنَّخۡلَ وَٱلزَّرۡعَ مُخۡتَلِفًا أُكُلُهُۥ وَٱلزَّيۡتُونَ وَٱلرُّمَّانَ مُتَشَٰبِهٗا وَغَيۡرَ مُتَشَٰبِهٖۚ كُلُواْ مِن ثَمَرِهِۦٓ إِذَآ أَثۡمَرَ وَءَاتُواْ حَقَّهُۥ يَوۡمَ حَصَادِهِۦۖ وَلَا تُسۡرِفُوٓاْۚ إِنَّهُۥ لَا يُحِبُّ ٱلۡمُسۡرِفِينَ,"Ал (силер үчүн, сөңгөктөргө) көтөрүлө турган жана көтөрүлбөй турган бактарды, курма жана ар түркүн мөмөлүү эгиндерди (бутак-жалбырагы) бири-бирине окшогон, (мөмөсү менен даамы) окшошпогон зайтун-анарларды өндүрдү. Мөмөлөгөн кезде андан жегиле жана түшүм жыйнаган күнү акысын (үшүрүн) бергиле жана ысырап кылбагыла! Ал ысырапкерлерди сүйбөйт.",
6,142,وَمِنَ ٱلۡأَنۡعَٰمِ حَمُولَةٗ وَفَرۡشٗاۚ كُلُواْ مِمَّا رَزَقَكُمُ ٱللَّهُ وَلَا تَتَّبِعُواْ خُطُوَٰتِ ٱلشَّيۡطَٰنِۚ إِنَّهُۥ لَكُمۡ عَدُوّٞ مُّبِينٞ,Жандыктардан жүк ташыгандарын жана (мууздоо үчүн) жаткырыла тургандарын (жаратты). Аллах силерге ырыскы катары берген нерселерден жегиле. Шайтандын изинен ээрчип кетпегиле! Ал силерге анык душман.[1],"[1] Шайтан өзүнүн жолуна ээрчигендерге Аллах адал кылган ырыскыларды “арам” деп ишендирүүгө, илхам берүүгө аракет кылат. Жогоруда (139-аят) баяндалган мушриктер шайтандын сөзүнө кирип, кээ бир малдарды жана али туула элек, курсактагы жандыктарды өз ойлоруна эле таянып “Мунусу адал, тигиниси арам” дешип, анан: “Бул Аллахтын өкүмү” дешет эле. Бирок, кийинки (143) аятта Аллах таала үй жандыктарынан сегиз жуп (кой-эчки, төө-уй, бир эркек, бир ургачы болуп сегиз болот) жаратканын айтат жана аларды эмне себептен арам кылып жатышкандыгын далил менен суроону пайгамбарына буюрат."
6,143,ثَمَٰنِيَةَ أَزۡوَٰجٖۖ مِّنَ ٱلضَّأۡنِ ٱثۡنَيۡنِ وَمِنَ ٱلۡمَعۡزِ ٱثۡنَيۡنِۗ قُلۡ ءَآلذَّكَرَيۡنِ حَرَّمَ أَمِ ٱلۡأُنثَيَيۡنِ أَمَّا ٱشۡتَمَلَتۡ عَلَيۡهِ أَرۡحَامُ ٱلۡأُنثَيَيۡنِۖ نَبِّـُٔونِي بِعِلۡمٍ إِن كُنتُمۡ صَٰدِقِينَ,"(Малдан) сегиз эркек-ургаачыны (жаратты): койдон экөө, эчкиден экөө. Айткын: “(Аллах) эки эркегин арам кылдыбы же эки ургаачысынбы. Же болбосо эки ургаачынын (ургаачы кой менен ургаачы эчкинин) курсагындагы балдарынбы? Эгер чынчыл болсоңор, мага илим менен (түшүндүрүп) айткылачы?!",
6,144,وَمِنَ ٱلۡإِبِلِ ٱثۡنَيۡنِ وَمِنَ ٱلۡبَقَرِ ٱثۡنَيۡنِۗ قُلۡ ءَآلذَّكَرَيۡنِ حَرَّمَ أَمِ ٱلۡأُنثَيَيۡنِ أَمَّا ٱشۡتَمَلَتۡ عَلَيۡهِ أَرۡحَامُ ٱلۡأُنثَيَيۡنِۖ أَمۡ كُنتُمۡ شُهَدَآءَ إِذۡ وَصَّىٰكُمُ ٱللَّهُ بِهَٰذَاۚ فَمَنۡ أَظۡلَمُ مِمَّنِ ٱفۡتَرَىٰ عَلَى ٱللَّهِ كَذِبٗا لِّيُضِلَّ ٱلنَّاسَ بِغَيۡرِ عِلۡمٍۚ إِنَّ ٱللَّهَ لَا يَهۡدِي ٱلۡقَوۡمَ ٱلظَّٰلِمِينَ,"Төөдөн экини (эркек-ургаачысын) жана уйдан экини (жаратты). Айткын: “(Аллах) эки эркегин арам кылды беле, же эки ургаачысынбы? Же болбосо, (бир төө, бир уйдан турган) эки ургаачынын жатынындагы нерсениби?! Же, Аллах силерге ушуну осуят кылганына күбө болдуңар беле?! Эч нерсени билбей туруп, адамдарды адаштыруу үчүн Аллахтын атынан жалган айткан адамдан залымыраак ким бар?! Аллах залым коомдорду туура жолго баштабайт!",
6,145,قُل لَّآ أَجِدُ فِي مَآ أُوحِيَ إِلَيَّ مُحَرَّمًا عَلَىٰ طَاعِمٖ يَطۡعَمُهُۥٓ إِلَّآ أَن يَكُونَ مَيۡتَةً أَوۡ دَمٗا مَّسۡفُوحًا أَوۡ لَحۡمَ خِنزِيرٖ فَإِنَّهُۥ رِجۡسٌ أَوۡ فِسۡقًا أُهِلَّ لِغَيۡرِ ٱللَّهِ بِهِۦۚ فَمَنِ ٱضۡطُرَّ غَيۡرَ بَاغٖ وَلَا عَادٖ فَإِنَّ رَبَّكَ غَفُورٞ رَّحِيمٞ,"Айткын: «Мага (Аллах тарабынан) аян-кабар кылынган нерселердин арасынан тамактануучулар үчүн (силер айткан) арам нерсени таппай турам. Бир гана тарп, төгүлгөн кан, же доңуздун эти болсо - ал ыпылас, арам! Же фасыктык менен Аллахтан башкага арнап союлган болсо (бул дагы арам)». Ал эми, ким (ошол арамдан башка жегилик таппай) аргасыздыктан, араанын агытпай, (өзөктү жалгаганга чейинки) чектен чыкпай (жесе), албетте, сенин Раббиң Кечиримдүү, Ырайымдуу.",
6,146,وَعَلَى ٱلَّذِينَ هَادُواْ حَرَّمۡنَا كُلَّ ذِي ظُفُرٖۖ وَمِنَ ٱلۡبَقَرِ وَٱلۡغَنَمِ حَرَّمۡنَا عَلَيۡهِمۡ شُحُومَهُمَآ إِلَّا مَا حَمَلَتۡ ظُهُورُهُمَآ أَوِ ٱلۡحَوَايَآ أَوۡ مَا ٱخۡتَلَطَ بِعَظۡمٖۚ ذَٰلِكَ جَزَيۡنَٰهُم بِبَغۡيِهِمۡۖ وَإِنَّا لَصَٰدِقُونَ,"Жана, биз яхудилерге бардык (ай) туяктууларды арам кылган элек. Ал эми, уй-койлордон болсо, аларга жонундагы, ичегилериндеги (чарбы) майларынан жана сөөккө аралашкан (чучук) майларынан башка майларын арам кылган болчубуз. Бул алардын зулум кылганы үчүн биздин жазабыз. Жана чынында, биз - Акыйкатчылбыз.",
6,147,فَإِن كَذَّبُوكَ فَقُل رَّبُّكُمۡ ذُو رَحۡمَةٖ وَٰسِعَةٖ وَلَا يُرَدُّ بَأۡسُهُۥ عَنِ ٱلۡقَوۡمِ ٱلۡمُجۡرِمِينَ,"Эгер сени (яхудилер) “жалганчы” дешсе, айткын: “Раббиңердин ырайымы кенен. (Бирок, билип койгула:) Анын азабы кылмышкер коомдон кайтарылбайт!",
6,148,سَيَقُولُ ٱلَّذِينَ أَشۡرَكُواْ لَوۡ شَآءَ ٱللَّهُ مَآ أَشۡرَكۡنَا وَلَآ ءَابَآؤُنَا وَلَا حَرَّمۡنَا مِن شَيۡءٖۚ كَذَٰلِكَ كَذَّبَ ٱلَّذِينَ مِن قَبۡلِهِمۡ حَتَّىٰ ذَاقُواْ بَأۡسَنَاۗ قُلۡ هَلۡ عِندَكُم مِّنۡ عِلۡمٖ فَتُخۡرِجُوهُ لَنَآۖ إِن تَتَّبِعُونَ إِلَّا ٱلظَّنَّ وَإِنۡ أَنتُمۡ إِلَّا تَخۡرُصُونَ,"Мушриктер сага: “Эгер Аллах каалаганда биз деле, ата-бабаларыбыз деле мушрик болбойт элек жана эч нерсени (өзүбүзчө) арам кылып албайт элек” - дешет.[1] Алардан мурунку (мушриктер) деле ушинтип Биздин азаптын даамын татканга чейин (пайгамбарды) “жалганчы” дешкен. Айткын: “Силерде илим бар беле, аны бизге чыгаргыдай?! Силер күмөнгө гана ээрчип жатасыңар! Силер жалгандан башканы сүйлөбөй жатасыңар!","[1] Алардын тагдырга шылтагандары жалган-жалаа жана карандай калп. Анткени: 1. Аллах ар бир адамга, Өзү буюрган ишти аткара ала турган идирек жана кудурет берген. Аллах эч кимди кудурети жетпеген ишке буюрбайт. Ошондой эле, эч кимге сактанууга мүмкүн болбогон нерсени арам кылбайт. Демек, тагдырга шылтоо ачык эле, Аллахка каршы чыгуу дегенди билдирет. 2. Адамдын иши өзүнүн ыктыярынан келип чыгат. Эгер бир ишти кааласа - жасайт, каалабаса - койот. Муну жүрөгү сокур адамдар гана четке кагат. Ооба, ааламдагы ар бир кыймыл-аракет Аллахтын каалоосуна байланыштуу. Бирок, ар бир акыл-эстүү адам өзүнүн ыктыярдуу аракети менен мажбур болгондогу аракетинин айырмасын билет. 3. Күнөөсүн тагдырга шылтоологон адамдар, эгер бир адам аны урса же мал-мүлкүн уурдаса, эмне үчүн туталанып, ачууланат?! “Тагдыр экен” деп жөн эле койбойбу! Алардын пейилиндеги бул карама-каршылыктын мааниси, алар бир акыйкаттын түбүнө жетейин деген максат менен тагдыр маселесине жармашып жатышканы жок."
6,149,قُلۡ فَلِلَّهِ ٱلۡحُجَّةُ ٱلۡبَٰلِغَةُۖ فَلَوۡ شَآءَ لَهَدَىٰكُمۡ أَجۡمَعِينَ,"Айткын: “Айкын далилдер Аллахтын Өзүндө. Эгер кааласа, бардыгыңарды туура жолго салат.",
6,150,قُلۡ هَلُمَّ شُهَدَآءَكُمُ ٱلَّذِينَ يَشۡهَدُونَ أَنَّ ٱللَّهَ حَرَّمَ هَٰذَاۖ فَإِن شَهِدُواْ فَلَا تَشۡهَدۡ مَعَهُمۡۚ وَلَا تَتَّبِعۡ أَهۡوَآءَ ٱلَّذِينَ كَذَّبُواْ بِـَٔايَٰتِنَا وَٱلَّذِينَ لَا يُؤۡمِنُونَ بِٱلۡأٓخِرَةِ وَهُم بِرَبِّهِمۡ يَعۡدِلُونَ,"Айткын: “(Эгер сөзүңөр чын болсо) Аллах ушуларды арам кылганына күбөңөрдү алып келгиле. Эгер күбөлүк беришсе, сен аларга кошулуп күбөлүк бербе жана Акыретке ыйман келтирбей, Биздин аяттарыбызды жалганга чыгарган адамдардын каалоолоруна ээрчибе! Алар Раббисине (башка “кудайларды”) тең кылышат!",
6,151,۞ قُلۡ تَعَالَوۡاْ أَتۡلُ مَا حَرَّمَ رَبُّكُمۡ عَلَيۡكُمۡۖ أَلَّا تُشۡرِكُواْ بِهِۦ شَيۡـٔٗاۖ وَبِٱلۡوَٰلِدَيۡنِ إِحۡسَٰنٗاۖ وَلَا تَقۡتُلُوٓاْ أَوۡلَٰدَكُم مِّنۡ إِمۡلَٰقٖ نَّحۡنُ نَرۡزُقُكُمۡ وَإِيَّاهُمۡۖ وَلَا تَقۡرَبُواْ ٱلۡفَوَٰحِشَ مَا ظَهَرَ مِنۡهَا وَمَا بَطَنَۖ وَلَا تَقۡتُلُواْ ٱلنَّفۡسَ ٱلَّتِي حَرَّمَ ٱللَّهُ إِلَّا بِٱلۡحَقِّۚ ذَٰلِكُمۡ وَصَّىٰكُم بِهِۦ لَعَلَّكُمۡ تَعۡقِلُونَ,"Айткын: “келгиле, мен силерге Раббиңер арам кылган нерселерди (Курандан) окуп берейин: «Ага эч нерсени шерик кылбагыла! Ата-энеңерге жакшылык кылгыла! Кедейликтен коркуп өз балаңарды өлтүрбөгүлө! Силерге да, аларга да Өзүбүз ырыскы беребиз. Бузук иштердин ашкересине да, көмүскөсүнө да жакындашпагыла! (Шарият белгилеген) акы(ңар) болбой туруп, Аллах (өлтүрүүнү) арам кылган жанды өлтүрбөгүлө! Акылыңарды иштетээрсиңер деп, ушул нерселерди (Аллах) силерге буюрду».",
6,152,وَلَا تَقۡرَبُواْ مَالَ ٱلۡيَتِيمِ إِلَّا بِٱلَّتِي هِيَ أَحۡسَنُ حَتَّىٰ يَبۡلُغَ أَشُدَّهُۥۚ وَأَوۡفُواْ ٱلۡكَيۡلَ وَٱلۡمِيزَانَ بِٱلۡقِسۡطِۖ لَا نُكَلِّفُ نَفۡسًا إِلَّا وُسۡعَهَاۖ وَإِذَا قُلۡتُمۡ فَٱعۡدِلُواْ وَلَوۡ كَانَ ذَا قُرۡبَىٰۖ وَبِعَهۡدِ ٱللَّهِ أَوۡفُواْۚ ذَٰلِكُمۡ وَصَّىٰكُم بِهِۦ لَعَلَّكُمۡ تَذَكَّرُونَ,"Жетимдердин малына алар эрезеге жеткенге чейин жакындабагыла! Жакшы (ниет жана) жолдор менен болсо мейли. Өлчөөнү жана таразаны адилеттүүлүк менен толуктагыла! Биз эч бир жанды кудуретинен ашыкча жумушка буюрбайбыз. Эгер сүйлөсөңөр (ал сөз өкүм болобу, же башкабы) тууган уругуңар болсо да (жан тартпай) адилеттүү болгула! Аллахка (“моюн сунабыз” деп) берген убадаңарды аткаргыла! Ушулар силерге Аллахтын буйруктары, (акыбетти) эске алышыңар үчүн.",
6,153,وَأَنَّ هَٰذَا صِرَٰطِي مُسۡتَقِيمٗا فَٱتَّبِعُوهُۖ وَلَا تَتَّبِعُواْ ٱلسُّبُلَ فَتَفَرَّقَ بِكُمۡ عَن سَبِيلِهِۦۚ ذَٰلِكُمۡ وَصَّىٰكُم بِهِۦ لَعَلَّكُمۡ تَتَّقُونَ,"Бул - Менин туура жолум! Ушуга гана ээрчигиле! (Буга каршы келген башка) жолдорго ээрчибегиле, силерди Анын жолунан адаштырып койот! Такыба болоорсуңар деп, (Аллах) силерге ушуларды буюрду.",
6,154,ثُمَّ ءَاتَيۡنَا مُوسَى ٱلۡكِتَٰبَ تَمَامًا عَلَى ٱلَّذِيٓ أَحۡسَنَ وَتَفۡصِيلٗا لِّكُلِّ شَيۡءٖ وَهُدٗى وَرَحۡمَةٗ لَّعَلَّهُم بِلِقَآءِ رَبِّهِمۡ يُؤۡمِنُونَ,"Жана (бир кездерде) Биз жакшылык кылгандарга (нээмат) кемчиликсиз болуусу, бардык нерселерге Баяндама болуусу жана Ырайым-Туура Жол болуусу үчүн Мусага китепти (Торатты) бердик. Раббисине жолугууга ыйман келтиришсе ажеп эмес!",
6,155,وَهَٰذَا كِتَٰبٌ أَنزَلۡنَٰهُ مُبَارَكٞ فَٱتَّبِعُوهُ وَٱتَّقُواْ لَعَلَّكُمۡ تُرۡحَمُونَ,"Биз сага бул Китепти (Куранды) куттуу кылып түшүрдүк. Ушуга ээрчигиле жана (Аллахтан) корккула! Ырайымына арзып калсаңар, ажеп эмес!",
6,156,أَن تَقُولُوٓاْ إِنَّمَآ أُنزِلَ ٱلۡكِتَٰبُ عَلَىٰ طَآئِفَتَيۡنِ مِن قَبۡلِنَا وَإِن كُنَّا عَن دِرَاسَتِهِمۡ لَغَٰفِلِينَ,"Силер: “Бизден мурунку эки тайпага (яхудилер менен христиандарга) китеп түшкөн. Биз болсо, алардын сабактарын билбейбиз” дебешиңер үчүн,",
6,157,أَوۡ تَقُولُواْ لَوۡ أَنَّآ أُنزِلَ عَلَيۡنَا ٱلۡكِتَٰبُ لَكُنَّآ أَهۡدَىٰ مِنۡهُمۡۚ فَقَدۡ جَآءَكُم بَيِّنَةٞ مِّن رَّبِّكُمۡ وَهُدٗى وَرَحۡمَةٞۚ فَمَنۡ أَظۡلَمُ مِمَّن كَذَّبَ بِـَٔايَٰتِ ٱللَّهِ وَصَدَفَ عَنۡهَاۗ سَنَجۡزِي ٱلَّذِينَ يَصۡدِفُونَ عَنۡ ءَايَٰتِنَا سُوٓءَ ٱلۡعَذَابِ بِمَا كَانُواْ يَصۡدِفُونَ,"же болбосо, “Эгер бизге да китеп түшсө, сөзсүз аларга караганда туура жол табуучураак болмокпуз” деп айта албашыңар үчүн силерге Раббиңер тарабынан анык далилдер, туура жол жана Ырайым (болгон Куран) келди. Эми, Аллахтын аяттарын “жалган” деп, андан баш тарткан адамдан залымыраак ким бар?! Биз жакында аяттарыбыздан жүз бурган адамдарды баш тарткандыгы үчүн жаман азап менен азаптайбыз!",
6,158,هَلۡ يَنظُرُونَ إِلَّآ أَن تَأۡتِيَهُمُ ٱلۡمَلَٰٓئِكَةُ أَوۡ يَأۡتِيَ رَبُّكَ أَوۡ يَأۡتِيَ بَعۡضُ ءَايَٰتِ رَبِّكَۗ يَوۡمَ يَأۡتِي بَعۡضُ ءَايَٰتِ رَبِّكَ لَا يَنفَعُ نَفۡسًا إِيمَٰنُهَا لَمۡ تَكُنۡ ءَامَنَتۡ مِن قَبۡلُ أَوۡ كَسَبَتۡ فِيٓ إِيمَٰنِهَا خَيۡرٗاۗ قُلِ ٱنتَظِرُوٓاْ إِنَّا مُنتَظِرُونَ,"Алар эми эч нерсени күтүшпөйт. Бир гана өздөрүнө (өлүм) периштелери келүүсүн, же Раббиңдин келүүсүн же болбосо Раббиңдин кээ бир белгилери келүүсүн күтүшөт. Раббиңдин кээ бир белгилери келген күндө, эч бир жанга ыйманы пайда бербейт, эгер мурда эле ыйман келтирбеген же ыйманында бир жакшылык кылбаган болсо. Айткын: “Силер да күткүлө, биз дагы күтүүчүбүз”.",
6,159,إِنَّ ٱلَّذِينَ فَرَّقُواْ دِينَهُمۡ وَكَانُواْ شِيَعٗا لَّسۡتَ مِنۡهُمۡ فِي شَيۡءٍۚ إِنَّمَآ أَمۡرُهُمۡ إِلَى ٱللَّهِ ثُمَّ يُنَبِّئُهُم بِمَا كَانُواْ يَفۡعَلُونَ,"(Оо, Мухаммад!) Диндерин бөлүп алып, өзүнчө топ болуп кеткен адамдар... Сен эч бир нерседе алардан эмессиң (алар дагы сенден эмес). Алардын иштери Аллахка (кайтарылат) жана Ал аларга кылган иштеринин кабарын берет.",
6,160,مَن جَآءَ بِٱلۡحَسَنَةِ فَلَهُۥ عَشۡرُ أَمۡثَالِهَاۖ وَمَن جَآءَ بِٱلسَّيِّئَةِ فَلَا يُجۡزَىٰٓ إِلَّا مِثۡلَهَا وَهُمۡ لَا يُظۡلَمُونَ,"Ким (Акыретке) бир жакшылык алып келсе, ага (кеминде) он эсе көбөйтүп берилет. Ал эми, ким бир жамандык алып келсе, ошол жамандыгына барабар (бир) гана жаза берилет. Аларга эч зулумдук кылынбайт.",
6,161,قُلۡ إِنَّنِي هَدَىٰنِي رَبِّيٓ إِلَىٰ صِرَٰطٖ مُّسۡتَقِيمٖ دِينٗا قِيَمٗا مِّلَّةَ إِبۡرَٰهِيمَ حَنِيفٗاۚ وَمَا كَانَ مِنَ ٱلۡمُشۡرِكِينَ,"Айткын: “Чынында,, Раббим мени туура жолго, түз динге – Акыйкатка бурулган Ибрахимдин Динине багыттады. Ал (Ибрахим) мушриктерден эмес”.",
6,162,قُلۡ إِنَّ صَلَاتِي وَنُسُكِي وَمَحۡيَايَ وَمَمَاتِي لِلَّهِ رَبِّ ٱلۡعَٰلَمِينَ,"Айткын: “Менин намазым, курмандыгым, жашоом жана өлүмүм ааламдардын (жалгыз) Раббиси – Аллах үчүн!",
6,163,لَا شَرِيكَ لَهُۥۖ وَبِذَٰلِكَ أُمِرۡتُ وَأَنَا۠ أَوَّلُ ٱلۡمُسۡلِمِينَ,Анын эч бир шериги жок! Мен ушуга буюрулдум жана мен мусулмандардын эң алдыңкысымын”.,
6,164,قُلۡ أَغَيۡرَ ٱللَّهِ أَبۡغِي رَبّٗا وَهُوَ رَبُّ كُلِّ شَيۡءٖۚ وَلَا تَكۡسِبُ كُلُّ نَفۡسٍ إِلَّا عَلَيۡهَاۚ وَلَا تَزِرُ وَازِرَةٞ وِزۡرَ أُخۡرَىٰۚ ثُمَّ إِلَىٰ رَبِّكُم مَّرۡجِعُكُمۡ فَيُنَبِّئُكُم بِمَا كُنتُمۡ فِيهِ تَخۡتَلِفُونَ,"Айткын: “Аллахтан башка Рабби издейинби?! Ал бардык нерселердин Раббиси го! Ар бир жандын жасаган жамандыгы, өзүнүн гана зыянына! Эч ким башка бирөөнүн (күнөө) жүгүн көтөрбөйт![1] Кийин баарыңардын кайтууңар - Аллахка! Анан Ал силерге (дин ишинде) өз ара талашканыңардын кабарын берет.","[1] Ислам өкүмү боюнча бирөөнүн жамандыгына башкасы жооп бербейт: ар бир адам өз иштеринин гана туткуну. Жакшылыгынын сообу да өзүнө, жамандыгынын күнөөсү да өзүнө. Бирок, бир адамдын жаман жолго түшүүсүнө себеп болгон киши күнөөнү аны менен теңме тең бөлүшөт. Ошондой эле, пайгамбарыбыз жакшылык ишке себепчи болгон адамдарга да ошол иштин сообунан жетип турушун баян кылган."
6,165,وَهُوَ ٱلَّذِي جَعَلَكُمۡ خَلَٰٓئِفَ ٱلۡأَرۡضِ وَرَفَعَ بَعۡضَكُمۡ فَوۡقَ بَعۡضٖ دَرَجَٰتٖ لِّيَبۡلُوَكُمۡ فِي مَآ ءَاتَىٰكُمۡۗ إِنَّ رَبَّكَ سَرِيعُ ٱلۡعِقَابِ وَإِنَّهُۥ لَغَفُورٞ رَّحِيمُۢ,"Ал силерди жер бетинде (бири-бириңерге) орунбасар кылган жана Өзү берген нерселерде силерди сыноо үчүн кээ бирөөңөрдү кээ бирөөңөрдөн бир нече даража жогору кылган (Аллах). Чынында, сенин Раббиң тез эсептешүүчү! Ал чынында Кечиримдүү, Ырайымдуу!",
